#      n =  2
#  kappa = -2
# energy = -1.30471173E+01
#     dn =  9.78811170E-01
#SelfEne =  3.84841968E-05
#     vc = -8.26750286E+01
#  ilast =  293
#    rfn =  2.66216775E+01
#    pdx =  1.99455003E+00
#   bqp0 = -3.77866301E-05
#   bqp1 =  0.00000000E+00
#    idx = 3


0    1.25000000E-07 -2.588883E-02 -7.407120E-08  2.435355E-13 -9.222263E-18  2.435355E-13 -9.222263E-18  5.832371E-13 -2.206302E-17
1    1.37045326E-07 -2.838353E-02 -8.119661E-08  2.925856E-13 -1.215201E-17  2.925856E-13 -1.215201E-17  7.007059E-13 -2.907278E-17
2    1.50251195E-07 -3.111857E-02 -8.900848E-08  3.515564E-13 -1.601050E-17  3.515564E-13 -1.601050E-17  8.419337E-13 -3.830455E-17
3    1.64729398E-07 -3.411715E-02 -9.757317E-08  4.224506E-13 -2.109331E-17  4.224506E-13 -2.109331E-17  1.011717E-12 -5.046548E-17
4    1.80602489E-07 -3.740461E-02 -1.069630E-07  5.076754E-13 -2.778985E-17  5.076754E-13 -2.778985E-17  1.215819E-12 -6.648731E-17
5    1.98004823E-07 -4.100878E-02 -1.172574E-07  6.101238E-13 -3.661324E-17  6.101238E-13 -3.661324E-17  1.461170E-12 -8.759763E-17
6    2.17083691E-07 -4.496014E-02 -1.285434E-07  7.332735E-13 -4.823956E-17  7.332735E-13 -4.823956E-17  1.756099E-12 -1.154140E-16
7    2.38000565E-07 -4.929215E-02 -1.409165E-07  8.813044E-13 -6.355967E-17  8.813044E-13 -6.355967E-17  2.110614E-12 -1.520679E-16
8    2.60932461E-07 -5.404150E-02 -1.544820E-07  1.059241E-12 -8.374747E-17  1.059241E-12 -8.374747E-17  2.536750E-12 -2.003678E-16
9    2.86073436E-07 -5.924831E-02 -1.693540E-07  1.273121E-12 -1.103498E-16  1.273121E-12 -1.103498E-16  3.048966E-12 -2.640148E-16
10   3.13636227E-07 -6.495662E-02 -1.856581E-07  1.530202E-12 -1.454049E-16  1.530202E-12 -1.454049E-16  3.664643E-12 -3.478851E-16
11   3.43854050E-07 -7.121483E-02 -2.035337E-07  1.839208E-12 -1.915986E-16  1.839208E-12 -1.915986E-16  4.404675E-12 -4.584049E-16
12   3.76982563E-07 -7.807573E-02 -2.231303E-07  2.210623E-12 -2.524700E-16  2.210623E-12 -2.524700E-16  5.294167E-12 -6.040413E-16
13   4.13302033E-07 -8.559742E-02 -2.446149E-07  2.657048E-12 -3.326821E-16  2.657048E-12 -3.326821E-16  6.363299E-12 -7.959512E-16
14   4.53119695E-07 -9.384345E-02 -2.681685E-07  3.193627E-12 -4.383797E-16  3.193627E-12 -4.383797E-16  7.648339E-12 -1.048836E-15
15   4.96772350E-07 -1.028836E-01 -2.939909E-07  3.838563E-12 -5.776590E-16  3.838563E-12 -5.776590E-16  9.192881E-12 -1.382065E-15
16   5.44629206E-07 -1.127941E-01 -3.222996E-07  4.613731E-12 -7.611878E-16  4.613731E-12 -7.611878E-16  1.104931E-11 -1.821163E-15
17   5.97094991E-07 -1.236589E-01 -3.533353E-07  5.545424E-12 -1.003022E-15  5.545424E-12 -1.003022E-15  1.328060E-11 -2.399759E-15
18   6.54613369E-07 -1.355697E-01 -3.873591E-07  6.665238E-12 -1.321682E-15  6.665238E-12 -1.321682E-15  1.596241E-11 -3.162162E-15
19   7.17670684E-07 -1.486270E-01 -4.246594E-07  8.011151E-12 -1.741570E-15  8.011151E-12 -1.741570E-15  1.918571E-11 -4.166754E-15
20   7.86800056E-07 -1.629411E-01 -4.655512E-07  9.628800E-12 -2.294833E-15  9.628800E-12 -2.294833E-15  2.305977E-11 -5.490453E-15
21   8.62585878E-07 -1.786328E-01 -5.103806E-07  1.157304E-11 -3.023832E-15  1.157304E-11 -3.023832E-15  2.771598E-11 -7.234602E-15
22   9.45668743E-07 -1.958343E-01 -5.595256E-07  1.390977E-11 -3.984371E-15  1.390977E-11 -3.984371E-15  3.331217E-11 -9.532718E-15
23   1.03675084E-06 -2.146909E-01 -6.134024E-07  1.671823E-11 -5.249971E-15  1.671823E-11 -5.249971E-15  4.003808E-11 -1.256070E-14
24   1.13660186E-06 -2.353611E-01 -6.724658E-07  2.009361E-11 -6.917493E-15  2.009361E-11 -6.917493E-15  4.812168E-11 -1.655030E-14
25   1.24606550E-06 -2.580189E-01 -7.372140E-07  2.415031E-11 -9.114535E-15  2.415031E-11 -9.114535E-15  5.783697E-11 -2.180678E-14
26   1.36606653E-06 -2.828551E-01 -8.081957E-07  2.902582E-11 -1.200919E-14  2.902582E-11 -1.200919E-14  6.951322E-11 -2.873232E-14
27   1.49761863E-06 -3.100778E-01 -8.860075E-07  3.488535E-11 -1.582287E-14  3.488535E-11 -1.582287E-14  8.354606E-11 -3.785667E-14
28   1.64183286E-06 -3.399160E-01 -9.713097E-07  4.192744E-11 -2.084726E-14  4.192744E-11 -2.084726E-14  1.004110E-10 -4.987764E-14
29   1.79992704E-06 -3.726191E-01 -1.064820E-06  5.039068E-11 -2.746651E-14  5.039068E-11 -2.746651E-14  1.206794E-10 -6.571438E-14
30   1.97323597E-06 -4.084606E-01 -1.167326E-06  6.056174E-11 -3.618660E-14  6.056174E-11 -3.618660E-14  1.450378E-10 -8.657744E-14
31   2.16322267E-06 -4.477398E-01 -1.279699E-06  7.278514E-11 -4.767391E-14  7.278514E-11 -4.767391E-14  1.743113E-10 -1.140612E-13
32   2.37149066E-06 -4.907829E-01 -1.402878E-06  8.747480E-11 -6.280598E-14  8.747480E-11 -6.280598E-14  2.094912E-10 -1.502651E-13
33   2.59979740E-06 -5.379476E-01 -1.537910E-06  1.051282E-10 -8.273834E-14  1.051282E-10 -8.273834E-14  2.517688E-10 -1.979538E-13
34   2.85006910E-06 -5.896233E-01 -1.685926E-06  1.263429E-10 -1.089924E-13  1.263429E-10 -1.089924E-13  3.025754E-10 -2.607674E-13
35   3.12441682E-06 -6.462355E-01 -1.848180E-06  1.518370E-10 -1.435711E-13  1.518370E-10 -1.435711E-13  3.636308E-10 -3.434979E-13
36   3.42515421E-06 -7.082468E-01 -2.026032E-06  1.824735E-10 -1.891109E-13  1.824735E-10 -1.891109E-13  4.370013E-10 -4.524532E-13
37   3.75481692E-06 -7.761619E-01 -2.220986E-06  2.192890E-10 -2.490816E-13  2.192890E-10 -2.490816E-13  5.251699E-10 -5.959348E-13
38   4.11618377E-06 -8.505282E-01 -2.434677E-06  2.635291E-10 -3.280487E-13  2.635291E-10 -3.280487E-13  6.311194E-10 -7.848658E-13
39   4.51230010E-06 -9.319409E-01 -2.668907E-06  3.166902E-10 -4.320184E-13  3.166902E-10 -4.320184E-13  7.584336E-10 -1.033616E-12
40   4.94650322E-06 -1.021044E+00 -2.925645E-06  3.805703E-10 -5.688897E-13  3.805703E-10 -5.688897E-13  9.114185E-10 -1.361085E-12
41   5.42245033E-06 -1.118530E+00 -3.207045E-06  4.573292E-10 -7.490479E-13  4.573292E-10 -7.490479E-13  1.095246E-09 -1.792118E-12
42   5.94414906E-06 -1.225147E+00 -3.515471E-06  5.495617E-10 -9.861410E-13  5.495617E-10 -9.861410E-13  1.316132E-09 -2.359370E-12
43   6.51599099E-06 -1.341698E+00 -3.853515E-06  6.603851E-10 -1.298098E-12  6.603851E-10 -1.298098E-12  1.581540E-09 -3.105736E-12
44   7.14278830E-06 -1.469033E+00 -4.224007E-06  7.935439E-10 -1.708458E-12  7.935439E-10 -1.708458E-12  1.900439E-09 -4.087533E-12
45   7.82981387E-06 -1.608057E+00 -4.630043E-06  9.535359E-10 -2.248103E-12  9.535359E-10 -2.248103E-12  2.283599E-09 -5.378651E-12
46   8.58284530E-06 -1.759723E+00 -5.075042E-06  1.145765E-09 -2.957524E-12  1.145765E-09 -2.957524E-12  2.743963E-09 -7.075960E-12
47   9.40821297E-06 -1.925011E+00 -5.562687E-06  1.376719E-09 -3.889751E-12  1.376719E-09 -3.889751E-12  3.297070E-09 -9.306341E-12
48   1.03128528E-05 -2.104936E+00 -6.097085E-06  1.654195E-09 -5.114165E-12  1.654195E-09 -5.114165E-12  3.961591E-09 -1.223579E-11
49   1.13043637E-05 -2.300508E+00 -6.682649E-06  1.987553E-09 -6.721411E-12  1.987553E-09 -6.721411E-12  4.759942E-09 -1.608117E-11
50   1.23910711E-05 -2.512720E+00 -7.324281E-06  2.388038E-09 -8.829724E-12  2.388038E-09 -8.829724E-12  5.719054E-09 -2.112537E-11
51   1.35820958E-05 -2.742495E+00 -8.027278E-06  2.869152E-09 -1.159301E-11  2.869152E-09 -1.159301E-11  6.871262E-09 -2.773663E-11
52   1.48874294E-05 -2.990644E+00 -8.797466E-06  3.447110E-09 -1.521115E-11  3.447110E-09 -1.521115E-11  8.255399E-09 -3.639312E-11
53   1.63180176E-05 -3.257787E+00 -9.641209E-06  4.141384E-09 -1.994291E-11  4.141384E-09 -1.994291E-11  9.918098E-09 -4.771402E-11
54   1.78858501E-05 -3.544257E+00 -1.056542E-05  4.975352E-09 -2.612217E-11  4.975352E-09 -2.612217E-11  1.191535E-08 -6.249809E-11
55   1.96040605E-05 -3.849981E+00 -1.157771E-05  5.977087E-09 -3.417776E-11  5.977087E-09 -3.417776E-11  1.431438E-08 -8.177135E-11
56   2.14870338E-05 -4.174314E+00 -1.268632E-05  7.180291E-09 -4.465754E-11  7.180291E-09 -4.465754E-11  1.719590E-08 -1.068446E-10
57   2.35505258E-05 -4.515843E+00 -1.390027E-05  8.625425E-09 -5.825673E-11  8.625425E-09 -5.825673E-11  2.065682E-08 -1.393811E-10
58   2.58117926E-05 -4.872154E+00 -1.522939E-05  1.036106E-08 -7.585040E-11  1.036106E-08 -7.585040E-11  2.481344E-08 -1.814746E-10
59   2.82897323E-05 -5.239564E+00 -1.668441E-05  1.244550E-08 -9.852883E-11  1.244550E-08 -9.852883E-11  2.980542E-08 -2.357336E-10
60   3.10050403E-05 -5.612848E+00 -1.827698E-05  1.494872E-08 -1.276336E-10  1.494872E-08 -1.276336E-10  3.580033E-08 -3.053679E-10
61   3.39803791E-05 -5.985053E+00 -2.001990E-05  1.795473E-08 -1.647905E-10  1.795473E-08 -1.647905E-10  4.299934E-08 -3.942674E-10
62   3.72405640E-05 -6.347434E+00 -2.192695E-05  2.156432E-08 -2.119345E-10  2.156432E-08 -2.119345E-10  5.164385E-08 -5.070615E-10
63   4.08127655E-05 -6.689800E+00 -2.401309E-05  2.589844E-08 -2.713208E-10  2.589844E-08 -2.713208E-10  6.202354E-08 -6.491463E-10
64   4.47267314E-05 -7.001360E+00 -2.629434E-05  3.110221E-08 -3.455209E-10  3.110221E-08 -3.455209E-10  7.448591E-08 -8.266742E-10
65   4.90150289E-05 -7.272238E+00 -2.878772E-05  3.734967E-08 -4.374097E-10  3.734967E-08 -4.374097E-10  8.944780E-08 -1.046524E-09
66   5.37133096E-05 -7.495432E+00 -3.151171E-05  4.484961E-08 -5.501644E-10  4.484961E-08 -5.501644E-10  1.074092E-07 -1.316297E-09
67   5.88605987E-05 -7.668530E+00 -3.448701E-05  5.385260E-08 -6.873104E-10  5.385260E-08 -6.873104E-10  1.289702E-07 -1.644430E-09
68   6.44996109E-05 -7.794275E+00 -3.773699E-05  6.465932E-08 -8.528442E-10  6.465932E-08 -8.528442E-10  1.548510E-07 -2.040485E-09
69   7.06770959E-05 -7.879600E+00 -4.128754E-05  7.763054E-08 -1.051448E-09  7.763054E-08 -1.051448E-09  1.859155E-07 -2.515665E-09
70   7.74442151E-05 -7.933595E+00 -4.516638E-05  9.319890E-08 -1.288774E-09  9.319890E-08 -1.288774E-09  2.231997E-07 -3.083496E-09
71   8.48569535E-05 -7.965401E+00 -4.940295E-05  1.118831E-07 -1.571769E-09  1.118831E-07 -1.571769E-09  2.679459E-07 -3.760600E-09
72   9.29765683E-05 -7.982782E+00 -5.402881E-05  1.343048E-07 -1.909009E-09  1.343048E-07 -1.909009E-09  3.216432E-07 -4.567499E-09
73   1.01870080E-04 -7.991537E+00 -5.907818E-05  1.612096E-07 -2.311038E-09  1.612096E-07 -2.311038E-09  3.860769E-07 -5.529426E-09
74   1.11610807E-04 -7.995549E+00 -6.458834E-05  1.934911E-07 -2.790734E-09  1.934911E-07 -2.790734E-09  4.633871E-07 -6.677194E-09
75   1.22278950E-04 -7.997170E+00 -7.059990E-05  2.322206E-07 -3.363701E-09  2.322206E-07 -3.363701E-09  5.561393E-07 -8.048146E-09
76   1.33962226E-04 -7.997689E+00 -7.715693E-05  2.786818E-07 -4.048750E-09  2.786818E-07 -4.048750E-09  6.674080E-07 -9.687298E-09
77   1.46756567E-04 -7.997743E+00 -8.430713E-05  3.344131E-07 -4.868468E-09  3.344131E-07 -4.868468E-09  8.008775E-07 -1.164871E-08
78   1.60766872E-04 -7.997612E+00 -9.210202E-05  4.012577E-07 -5.849922E-09  4.012577E-07 -5.849922E-09  9.609619E-07 -1.399714E-08
79   1.76107833E-04 -7.997408E+00 -1.005971E-04  4.814235E-07 -7.025513E-09  4.814235E-07 -7.025513E-09  1.152949E-06 -1.681016E-08
80   1.92904837E-04 -7.997166E+00 -1.098520E-04  5.775549E-07 -8.434015E-09  5.775549E-07 -8.434015E-09  1.383172E-06 -2.018054E-08
81   2.11294939E-04 -7.996897E+00 -1.199308E-04  6.928187E-07 -1.012182E-08  6.928187E-07 -1.012182E-08  1.659214E-06 -2.421934E-08
82   2.31427931E-04 -7.996601E+00 -1.309020E-04  8.310064E-07 -1.214444E-08  8.310064E-07 -1.214444E-08  1.990156E-06 -2.905942E-08
83   2.53467501E-04 -7.996278E+00 -1.428390E-04  9.966564E-07 -1.456829E-08  9.966564E-07 -1.456829E-08  2.386867E-06 -3.485977E-08
84   2.77592495E-04 -7.995924E+00 -1.558198E-04  1.195201E-06 -1.747284E-08  1.195201E-06 -1.747284E-08  2.862355E-06 -4.181059E-08
85   3.03998290E-04 -7.995536E+00 -1.699277E-04  1.433139E-06 -2.095314E-08  1.433139E-06 -2.095314E-08  3.432187E-06 -5.013943E-08
86   3.32898286E-04 -7.995112E+00 -1.852507E-04  1.718246E-06 -2.512289E-08  1.718246E-06 -2.512289E-08  4.114983E-06 -6.011849E-08
87   3.64525531E-04 -7.994648E+00 -2.018817E-04  2.059822E-06 -3.011803E-08  2.059822E-06 -3.011803E-08  4.933013E-06 -7.207325E-08
88   3.99134481E-04 -7.994140E+00 -2.199185E-04  2.468986E-06 -3.610111E-08  2.468986E-06 -3.610111E-08  5.912909E-06 -8.639291E-08
89   4.37002918E-04 -7.993584E+00 -2.394631E-04  2.959031E-06 -4.326642E-08  2.959031E-06 -4.326642E-08  7.086505E-06 -1.035427E-07
90   4.78434025E-04 -7.992976E+00 -2.606217E-04  3.545844E-06 -5.184611E-08  3.545844E-06 -5.184611E-08  8.491846E-06 -1.240785E-07
91   5.23758647E-04 -7.992311E+00 -2.835037E-04  4.248403E-06 -6.211753E-08  4.248403E-06 -6.211753E-08  1.017439E-05 -1.486646E-07
92   5.73337730E-04 -7.991584E+00 -3.082210E-04  5.089380E-06 -7.441190E-08  5.089380E-06 -7.441190E-08  1.218842E-05 -1.780943E-07
93   6.27564981E-04 -7.990788E+00 -3.348866E-04  6.095842E-06 -8.912466E-08  6.095842E-06 -8.912466E-08  1.459876E-05 -2.133149E-07
94   6.86869738E-04 -7.989918E+00 -3.636134E-04  7.300098E-06 -1.067278E-07  7.300098E-06 -1.067278E-07  1.748280E-05 -2.554570E-07
95   7.51720080E-04 -7.988967E+00 -3.945117E-04  8.740702E-06 -1.277843E-07  8.740702E-06 -1.277843E-07  2.093286E-05 -3.058697E-07
96   8.22626199E-04 -7.987927E+00 -4.276869E-04  1.046364E-05 -1.529657E-07  1.046364E-05 -1.529657E-07  2.505906E-05 -3.661622E-07
97   9.00144039E-04 -7.986791E+00 -4.632366E-04  1.252373E-05 -1.830725E-07  1.252373E-05 -1.830725E-07  2.999271E-05 -4.382532E-07
98   9.84879239E-04 -7.985549E+00 -5.012461E-04  1.498634E-05 -2.190587E-07  1.498634E-05 -2.190587E-07  3.589031E-05 -5.244293E-07
99   1.07749138E-03 -7.984191E+00 -5.417841E-04  1.792929E-05 -2.620605E-07  1.792929E-05 -2.620605E-07  4.293829E-05 -6.274149E-07
100  1.17869859E-03 -7.982708E+00 -5.848961E-04  2.144531E-05 -3.134305E-07  2.144531E-05 -3.134305E-07  5.135866E-05 -7.504537E-07
101  1.28928248E-03 -7.981088E+00 -6.305980E-04  2.564471E-05 -3.747786E-07  2.564471E-05 -3.747786E-07  6.141565E-05 -8.974070E-07
102  1.41009350E-03 -7.979319E+00 -6.788667E-04  3.065877E-05 -4.480190E-07  3.065877E-05 -4.480190E-07  7.342361E-05 -1.072868E-06
103  1.54205670E-03 -7.977386E+00 -7.296304E-04  3.664355E-05 -5.354275E-07  3.664355E-05 -5.354275E-07  8.775630E-05 -1.282298E-06
104  1.68617789E-03 -7.975277E+00 -7.827552E-04  4.378453E-05 -6.397075E-07  4.378453E-05 -6.397075E-07  1.048579E-04 -1.532186E-06
105  1.84355033E-03 -7.972973E+00 -8.380309E-04  5.230195E-05 -7.640687E-07  5.230195E-05 -7.640687E-07  1.252558E-04 -1.830242E-06
106  2.01536189E-03 -7.970460E+00 -8.951530E-04  6.245728E-05 -9.123194E-07  6.245728E-05 -9.123194E-07  1.495762E-04 -2.185613E-06
107  2.20290269E-03 -7.967718E+00 -9.537024E-04  7.456061E-05 -1.088975E-06  7.456061E-05 -1.088975E-06  1.785617E-04 -2.609150E-06
108  2.40757339E-03 -7.964726E+00 -1.013120E-03  8.897954E-05 -1.299385E-06  8.897954E-05 -1.299385E-06  2.130926E-04 -3.113717E-06
109  2.63089397E-03 -7.961463E+00 -1.072679E-03  1.061495E-04 -1.549884E-06  1.061495E-04 -1.549884E-06  2.542115E-04 -3.714549E-06
110  2.87451323E-03 -7.957905E+00 -1.131452E-03  1.265857E-04 -1.847964E-06  1.265857E-04 -1.847964E-06  3.031526E-04 -4.429677E-06
111  3.14021885E-03 -7.954027E+00 -1.188269E-03  1.508977E-04 -2.202480E-06  1.508977E-04 -2.202480E-06  3.613751E-04 -5.280427E-06
112  3.42994816E-03 -7.949800E+00 -1.241679E-03  1.798057E-04 -2.623889E-06  1.798057E-04 -2.623889E-06  4.306034E-04 -6.291995E-06
113  3.74579972E-03 -7.945196E+00 -1.289892E-03  2.141596E-04 -3.124529E-06  2.141596E-04 -3.124529E-06  5.128735E-04 -7.494128E-06
114  4.09004551E-03 -7.940181E+00 -1.330724E-03  2.549623E-04 -3.718936E-06  2.549623E-04 -3.718936E-06  6.105860E-04 -8.921909E-06
115  4.46514401E-03 -7.934720E+00 -1.361532E-03  3.033952E-04 -4.424226E-06  3.033952E-04 -4.424226E-06  7.265700E-04 -1.061667E-05
116  4.87375402E-03 -7.928777E+00 -1.379137E-03  3.608488E-04 -5.260524E-06  3.608488E-04 -5.260524E-06  8.641547E-04 -1.262706E-05
117  5.31874944E-03 -7.922310E+00 -1.379739E-03  4.289579E-04 -6.251465E-06  4.289579E-04 -6.251465E-06  1.027254E-03 -1.501028E-05
118  5.80323479E-03 -7.915277E+00 -1.358829E-03  5.096423E-04 -7.424771E-06  5.096423E-04 -7.424771E-06  1.220465E-03 -1.783348E-05
119  6.33056171E-03 -7.907629E+00 -1.311081E-03  6.051536E-04 -8.812911E-06  6.051536E-04 -8.812911E-06  1.449177E-03 -2.117543E-05
120  6.90434641E-03 -7.899317E+00 -1.230247E-03  7.181287E-04 -1.045386E-05  7.181287E-04 -1.045386E-05  1.719702E-03 -2.512835E-05
121  7.52848799E-03 -7.890287E+00 -1.109031E-03  8.516520E-04 -1.239197E-05  8.516520E-04 -1.239197E-05  2.039423E-03 -2.980012E-05
122  8.20718782E-03 -7.880482E+00 -9.389696E-04  1.009326E-03 -1.467894E-05  1.009326E-03 -1.467894E-05  2.416960E-03 -3.531671E-05
123  8.94496982E-03 -7.869838E+00 -7.102985E-04  1.195349E-03 -1.737492E-05  1.195349E-03 -1.737492E-05  2.862365E-03 -4.182497E-05
124  9.74670179E-03 -7.858291E+00 -4.118193E-04  1.414613E-03 -2.054982E-05  1.414613E-03 -2.054982E-05  3.387335E-03 -4.949584E-05
125  1.06176177E-02 -7.845769E+00 -3.077194E-05  1.672796E-03 -2.428463E-05  1.672796E-03 -2.428463E-05  4.005459E-03 -5.852788E-05
126  1.15633411E-02 -7.832197E+00  4.472878E-04  1.976490E-03 -2.867306E-05  1.976490E-03 -2.867306E-05  4.732497E-03 -6.915136E-05
127  1.25899092E-02 -7.817496E+00  1.038593E-03  2.333319E-03 -3.382326E-05  2.333319E-03 -3.382326E-05  5.586683E-03 -8.163274E-05
128  1.37037984E-02 -7.801580E+00  1.761248E-03  2.752094E-03 -3.985973E-05  2.752094E-03 -3.985973E-05  6.589074E-03 -9.627966E-05
129  1.49119502E-02 -7.784359E+00  2.635270E-03  3.242966E-03 -4.692543E-05  3.242966E-03 -4.692543E-05  7.763925E-03 -1.134466E-04
130  1.62217987E-02 -7.765737E+00  3.682588E-03  3.817608E-03 -5.518404E-05  3.817608E-03 -5.518404E-05  9.139108E-03 -1.335407E-04
131  1.76412984E-02 -7.745615E+00  4.926971E-03  4.489402E-03 -6.482242E-05  4.489402E-03 -6.482242E-05  1.074657E-02 -1.570289E-04
132  1.91789529E-02 -7.723885E+00  6.393873E-03  5.273658E-03 -7.605320E-05  5.273658E-03 -7.605320E-05  1.262282E-02 -1.844446E-04
133  2.08438450E-02 -7.700436E+00  8.110173E-03  6.187829E-03 -8.911749E-05  6.187829E-03 -8.911749E-05  1.480947E-02 -2.163957E-04
134  2.26456665E-02 -7.675151E+00  1.010380E-02  7.251761E-03 -1.042877E-04  7.251761E-03 -1.042877E-04  1.735374E-02 -2.535724E-04
135  2.45947496E-02 -7.647906E+00  1.240317E-02  8.487941E-03 -1.218703E-04  8.487941E-03 -1.218703E-04  2.030913E-02 -2.967562E-04
136  2.67020979E-02 -7.618574E+00  1.503652E-02  9.921759E-03 -1.422087E-04  9.921759E-03 -1.422087E-04  2.373591E-02 -3.468280E-04
137  2.89794186E-02 -7.587022E+00  1.803098E-02  1.158178E-02 -1.656859E-04  1.158178E-02 -1.656859E-04  2.770181E-02 -4.047771E-04
138  3.14391547E-02 -7.553112E+00  2.141144E-02  1.350001E-02 -1.927269E-04  1.350001E-02 -1.927269E-04  3.228251E-02 -4.717096E-04
139  3.40945174E-02 -7.516700E+00  2.519928E-02  1.571216E-02 -2.238006E-04  1.571216E-02 -2.238006E-04  3.756227E-02 -5.488564E-04
140  3.69595181E-02 -7.477641E+00  2.941073E-02  1.825789E-02 -2.594217E-04  1.825789E-02 -2.594217E-04  4.363434E-02 -6.375801E-04
141  4.00490015E-02 -7.435784E+00  3.405513E-02  2.118102E-02 -3.001511E-04  2.118102E-02 -3.001511E-04  5.060140E-02 -7.393809E-04
142  4.33786767E-02 -7.390975E+00  3.913301E-02  2.452973E-02 -3.465960E-04  2.452973E-02 -3.465960E-04  5.857576E-02 -8.558998E-04
143  4.69651498E-02 -7.343059E+00  4.463393E-02  2.835667E-02 -3.994090E-04  2.835667E-02 -3.994090E-04  6.767948E-02 -9.889202E-04
144  5.08259544E-02 -7.291880E+00  5.053438E-02  3.271902E-02 -4.592851E-04  3.271902E-02 -4.592851E-04  7.804418E-02 -1.140365E-03
145  5.49795817E-02 -7.237280E+00  5.679567E-02  3.767848E-02 -5.269582E-04  3.767848E-02 -5.269582E-04  8.981060E-02 -1.312291E-03
146  5.94455102E-02 -7.179103E+00  6.336201E-02  4.330110E-02 -6.031947E-04  4.330110E-02 -6.031947E-04  1.031278E-01 -1.506875E-03
147  6.42442337E-02 -7.117195E+00  7.015891E-02  4.965704E-02 -6.887864E-04  4.965704E-02 -6.887864E-04  1.181520E-01 -1.726400E-03
148  6.93972879E-02 -7.051407E+00  7.709219E-02  5.682012E-02 -7.845397E-04  5.682012E-02 -7.845397E-04  1.350446E-01 -1.973224E-03
149  7.49272759E-02 -6.981594E+00  8.404761E-02  6.486726E-02 -8.912641E-04  6.486726E-02 -8.912641E-04  1.539704E-01 -2.249753E-03
150  8.08578914E-02 -6.907617E+00  9.089157E-02  7.387765E-02 -1.009757E-03  7.387765E-02 -1.009757E-03  1.750941E-01 -2.558394E-03
151  8.72139406E-02 -6.829349E+00  9.747289E-02  8.393178E-02 -1.140787E-03  8.393178E-02 -1.140787E-03  1.985770E-01 -2.901504E-03
152  9.40213612E-02 -6.746673E+00  1.036259E-01  9.511018E-02 -1.285073E-03  9.511018E-02 -1.285073E-03  2.245725E-01 -3.281322E-03
153  1.01307240E-01 -6.659484E+00  1.091750E-01  1.074920E-01 -1.443265E-03  1.074920E-01 -1.443265E-03  2.532212E-01 -3.699900E-03
154  1.09099828E-01 -6.567696E+00  1.139407E-01  1.211530E-01 -1.615917E-03  1.211530E-01 -1.615917E-03  2.846444E-01 -4.159012E-03
155  1.17428551E-01 -6.471237E+00  1.177468E-01  1.361642E-01 -1.803463E-03  1.361642E-01 -1.803463E-03  3.189379E-01 -4.660054E-03
156  1.26324021E-01 -6.370060E+00  1.204287E-01  1.525888E-01 -2.006188E-03  1.525888E-01 -2.006188E-03  3.561645E-01 -5.203940E-03
157  1.35818040E-01 -6.264137E+00  1.218426E-01  1.704806E-01 -2.224199E-03  1.704806E-01 -2.224199E-03  3.963456E-01 -5.790982E-03
158  1.45943608E-01 -6.153471E+00  1.218739E-01  1.898808E-01 -2.457398E-03  1.898808E-01 -2.457398E-03  4.394533E-01 -6.420768E-03
159  1.56734918E-01 -6.038087E+00  1.204459E-01  2.108156E-01 -2.705447E-03  2.108156E-01 -2.705447E-03  4.854017E-01 -7.092038E-03
160  1.68227357E-01 -5.918047E+00  1.175249E-01  2.332934E-01 -2.967745E-03  2.332934E-01 -2.967745E-03  5.340383E-01 -7.802559E-03
161  1.80457500E-01 -5.793440E+00  1.131240E-01  2.573019E-01 -3.243398E-03  2.573019E-01 -3.243398E-03  5.851364E-01 -8.549015E-03
162  1.93463100E-01 -5.664395E+00  1.073008E-01  2.828059E-01 -3.531195E-03  2.828059E-01 -3.531195E-03  6.383881E-01 -9.326896E-03
163  2.07283073E-01 -5.531075E+00  1.001508E-01  3.097445E-01 -3.829593E-03  3.097445E-01 -3.829593E-03  6.933985E-01 -1.013043E-02
164  2.21957488E-01 -5.393680E+00  9.179360E-02  3.380296E-01 -4.136707E-03  3.380296E-01 -4.136707E-03  7.496826E-01 -1.095251E-02
165  2.37527547E-01 -5.252452E+00  8.235267E-02  3.675443E-01 -4.450312E-03  3.675443E-01 -4.450312E-03  8.066642E-01 -1.178472E-02
166  2.54035557E-01 -5.107672E+00  7.192920E-02  3.981422E-01 -4.767858E-03  3.981422E-01 -4.767858E-03  8.636775E-01 -1.261732E-02
167  2.71524915E-01 -4.959658E+00  6.057337E-02  4.296468E-01 -5.086504E-03  4.296468E-01 -5.086504E-03  9.199733E-01 -1.343933E-02
168  2.90040073E-01 -4.808771E+00  4.825907E-02  4.618530E-01 -5.403172E-03  4.618530E-01 -5.403172E-03  9.747278E-01 -1.423872E-02
169  3.09626510E-01 -4.655407E+00  3.487228E-02  4.945276E-01 -5.714614E-03  4.945276E-01 -5.714614E-03  1.027056E+00 -1.500254E-02
170  3.30330701E-01 -4.500000E+00  2.022623E-02  5.274117E-01 -6.017498E-03  5.274117E-01 -6.017498E-03  1.076032E+00 -1.571723E-02
171  3.52200076E-01 -4.343016E+00  4.114640E-03  5.602233E-01 -6.308493E-03  5.602233E-01 -6.308493E-03  1.120705E+00 -1.636890E-02
172  3.75282987E-01 -4.184953E+00 -1.359684E-02  5.926603E-01 -6.584340E-03  5.926603E-01 -6.584340E-03  1.160133E+00 -1.694374E-02
173  3.99628669E-01 -4.026334E+00 -3.286230E-02  6.244045E-01 -6.841908E-03  6.244045E-01 -6.841908E-03  1.193403E+00 -1.742842E-02
174  4.25287190E-01 -3.867704E+00 -5.337201E-02  6.551256E-01 -7.078204E-03  6.551256E-01 -7.078204E-03  1.219669E+00 -1.781054E-02
175  4.52309418E-01 -3.709624E+00 -7.453514E-02  6.844872E-01 -7.290373E-03  6.844872E-01 -7.290373E-03  1.238179E+00 -1.807911E-02
176  4.80746967E-01 -3.552665E+00 -9.554221E-02  7.121526E-01 -7.475693E-03  7.121526E-01 -7.475693E-03  1.248308E+00 -1.822497E-02
177  5.10652156E-01 -3.397404E+00 -1.154821E-01  7.377925E-01 -7.631588E-03  7.377925E-01 -7.631588E-03  1.249586E+00 -1.824126E-02
178  5.42077957E-01 -3.244414E+00 -1.334696E-01  7.610934E-01 -7.755679E-03  7.610934E-01 -7.755679E-03  1.241724E+00 -1.812646E-02
179  5.75077953E-01 -3.094258E+00 -1.487463E-01  7.817657E-01 -7.845871E-03  7.817657E-01 -7.845871E-03  1.224634E+00 -1.787696E-02
180  6.09706280E-01 -2.947482E+00 -1.607423E-01  7.995528E-01 -7.900455E-03  7.995528E-01 -7.900455E-03  1.198442E+00 -1.749459E-02
181  6.46017586E-01 -2.804608E+00 -1.690984E-01  8.142382E-01 -7.918218E-03  8.142382E-01 -7.918218E-03  1.163493E+00 -1.698439E-02
182  6.84066975E-01 -2.666129E+00 -1.736632E-01  8.256521E-01 -7.898539E-03  8.256521E-01 -7.898539E-03  1.120347E+00 -1.635453E-02
183  7.23909960E-01 -2.532497E+00 -1.744730E-01  8.336765E-01 -7.841452E-03  8.336765E-01 -7.841452E-03  1.069767E+00 -1.561616E-02
184  7.65602413E-01 -2.404124E+00 -1.717254E-01  8.382482E-01 -7.747690E-03  8.382482E-01 -7.747690E-03  1.012696E+00 -1.478302E-02
185  8.09200516E-01 -2.281370E+00 -1.657496E-01  8.393586E-01 -7.618678E-03  8.393586E-01 -7.618678E-03  9.502250E-01 -1.387109E-02
186  8.54760711E-01 -2.164543E+00 -1.569780E-01  8.370536E-01 -7.457950E-03  8.370536E-01 -7.457950E-03  8.835616E-01 -1.289795E-02
187  9.02339653E-01 -2.053894E+00 -1.459193E-01  8.314305E-01 -7.266806E-03  8.314305E-01 -7.266806E-03  8.139818E-01 -1.188224E-02
188  9.51994160E-01 -1.949613E+00 -1.331330E-01  8.226330E-01 -7.048404E-03  8.226330E-01 -7.048404E-03  7.427876E-01 -1.084297E-02
189  1.00378117E+00 -1.851831E+00 -1.192045E-01  8.108450E-01 -6.806294E-03  8.108450E-01 -6.806294E-03  6.712608E-01 -9.798857E-03
190  1.05775770E+00 -1.760615E+00 -1.047213E-01  7.962832E-01 -6.544285E-03  7.962832E-01 -6.544285E-03  6.006194E-01 -8.767666E-03
191  1.11398078E+00 -1.675972E+00 -9.024704E-02  7.791899E-01 -6.266324E-03  7.791899E-01 -6.266324E-03  5.319781E-01 -7.765672E-03
192  1.17250745E+00 -1.597852E+00 -7.629656E-02  7.598243E-01 -5.976370E-03  7.598243E-01 -5.976370E-03  4.663150E-01 -6.807154E-03
193  1.23339467E+00 -1.526147E+00 -6.331055E-02  7.384552E-01 -5.678278E-03  7.384552E-01 -5.678278E-03  4.044471E-01 -5.904036E-03
194  1.29669932E+00 -1.460699E+00 -5.163340E-02  7.153540E-01 -5.375692E-03  7.153540E-01 -5.375692E-03  3.470134E-01 -5.065646E-03
195  1.36247815E+00 -1.401304E+00 -4.149689E-02  6.907880E-01 -5.071965E-03  6.907880E-01 -5.071965E-03  2.944686E-01 -4.298620E-03
196  1.43078774E+00 -1.347714E+00 -3.301295E-02  6.650162E-01 -4.770089E-03  6.650162E-01 -4.770089E-03  2.470851E-01 -3.606932E-03
197  1.50168444E+00 -1.299650E+00 -2.617754E-02  6.382848E-01 -4.472655E-03  6.382848E-01 -4.472655E-03  2.049630E-01 -2.992049E-03
198  1.57522439E+00 -1.256802E+00 -2.088584E-02  6.108255E-01 -4.181842E-03  6.108255E-01 -4.181842E-03  1.680481E-01 -2.453174E-03
199  1.65146345E+00 -1.218837E+00 -1.695640E-02  5.828534E-01 -3.899411E-03  5.828534E-01 -3.899411E-03  1.361535E-01 -1.987581E-03
200  1.73045718E+00 -1.185411E+00 -1.416049E-02  5.545673E-01 -3.626736E-03  5.545673E-01 -3.626736E-03  1.089857E-01 -1.590988E-03
201  1.81226080E+00 -1.156166E+00 -1.225141E-02  5.261496E-01 -3.364840E-03  5.261496E-01 -3.364840E-03  8.617174E-02 -1.257950E-03
202  1.89692918E+00 -1.130746E+00 -1.099021E-02  4.977670E-01 -3.114433E-03  4.977670E-01 -3.114433E-03  6.728607E-02 -9.822553E-04
203  1.98451682E+00 -1.108795E+00 -1.016436E-02  4.695716E-01 -2.875970E-03  4.695716E-01 -2.875970E-03  5.187534E-02 -7.572865E-04
204  2.07507780E+00 -1.089967E+00 -9.599123E-03  4.417016E-01 -2.649688E-03  4.417016E-01 -2.649688E-03  3.948059E-02 -5.763444E-04
205  2.16866578E+00 -1.073926E+00 -9.161582E-03  4.142826E-01 -2.435656E-03  4.142826E-01 -2.435656E-03  2.965550E-02 -4.329144E-04
206  2.26533396E+00 -1.060353E+00 -8.759298E-03  3.874275E-01 -2.233806E-03  3.874275E-01 -2.233806E-03  2.198057E-02 -3.208727E-04
207  2.36513510E+00 -1.048950E+00 -8.335184E-03  3.612383E-01 -2.043971E-03  3.612383E-01 -2.043971E-03  1.607306E-02 -2.346324E-04
208  2.46812146E+00 -1.039437E+00 -7.860646E-03  3.358052E-01 -1.865902E-03  3.358052E-01 -1.865902E-03  1.159307E-02 -1.692317E-04
209  2.57434478E+00 -1.031557E+00 -7.328115E-03  3.112081E-01 -1.699296E-03  3.112081E-01 -1.699296E-03  8.246215E-03 -1.203731E-04
210  2.68385633E+00 -1.025079E+00 -6.744218E-03  2.875161E-01 -1.543804E-03  2.875161E-01 -1.543804E-03  5.783399E-03 -8.442036E-05
211  2.79670683E+00 -1.019791E+00 -6.123864E-03  2.647878E-01 -1.399047E-03  2.647878E-01 -1.399047E-03  3.998540E-03 -5.836489E-05
212  2.91294645E+00 -1.015507E+00 -5.485718E-03  2.430716E-01 -1.264623E-03  2.430716E-01 -1.264623E-03  2.724756E-03 -3.977047E-05
213  3.03262482E+00 -1.012063E+00 -4.848806E-03  2.224060E-01 -1.140113E-03  2.224060E-01 -1.140113E-03  1.829704E-03 -2.670503E-05
214  3.15579104E+00 -1.009316E+00 -4.230388E-03  2.028195E-01 -1.025088E-03  2.028195E-01 -1.025088E-03  1.210546E-03 -1.766721E-05
215  3.28249360E+00 -1.007141E+00 -3.644624E-03  1.843310E-01 -9.191110E-04  1.843310E-01 -9.191110E-04  7.889505E-04 -1.151347E-05
216  3.41278045E+00 -1.005433E+00 -3.102093E-03  1.669503E-01 -8.217400E-04  1.669503E-01 -8.217400E-04  5.064171E-04 -7.389730E-06
217  3.54669893E+00 -1.004102E+00 -2.609695E-03  1.506783E-01 -7.325317E-04  1.506783E-01 -7.325317E-04  3.200957E-04 -4.670436E-06
218  3.68429584E+00 -1.003073E+00 -2.171028E-03  1.355076E-01 -6.510427E-04  1.355076E-01 -6.510427E-04  1.991994E-04 -2.906136E-06
219  3.82561734E+00 -1.002285E+00 -1.786823E-03  1.214229E-01 -5.768317E-04  1.214229E-01 -5.768317E-04  1.220275E-04 -1.780031E-06
220  3.97070905E+00 -1.001685E+00 -1.455603E-03  1.084019E-01 -5.094610E-04  1.084019E-01 -5.094610E-04  7.357228E-05 -1.073044E-06
221  4.11961597E+00 -1.001233E+00 -1.174211E-03  9.641571E-02 -4.484985E-04  9.641571E-02 -4.484985E-04  4.365003E-05 -6.365187E-07
222  4.27238250E+00 -1.000895E+00 -9.384292E-04  8.542972E-02 -3.935189E-04  8.542972E-02 -3.935189E-04  2.547980E-05 -3.714795E-07
223  4.42905246E+00 -1.000644E+00 -7.433772E-04  7.540440E-02 -3.441055E-04  7.540440E-02 -3.441055E-04  1.463110E-05 -2.132632E-07
224  4.58966908E+00 -1.000460E+00 -5.839874E-04  6.629603E-02 -2.998518E-04  6.629603E-02 -2.998518E-04  8.263366E-06 -1.204155E-07
225  4.75427499E+00 -1.000325E+00 -4.552016E-04  5.805754E-02 -2.603629E-04  5.805754E-02 -2.603629E-04  4.589507E-06 -6.685953E-08
226  4.92291221E+00 -1.000228E+00 -3.522800E-04  5.063928E-02 -2.252567E-04  5.063928E-02 -2.252567E-04  2.506312E-06 -3.649959E-08
227  5.09562221E+00 -1.000159E+00 -2.708379E-04  4.398985E-02 -1.941657E-04  4.398985E-02 -1.941657E-04  1.345539E-06 -1.958787E-08
228  5.27244583E+00 -1.000110E+00 -2.070210E-04  3.805676E-02 -1.667377E-04  3.805676E-02 -1.667377E-04  7.100394E-07 -1.033217E-08
229  5.45342335E+00 -1.000075E+00 -1.574339E-04  3.278725E-02 -1.426374E-04  3.278725E-02 -1.426374E-04  3.682366E-07 -5.355912E-09
230  5.63859447E+00 -1.000051E+00 -1.192337E-04  2.812881E-02 -1.215468E-04  2.812881E-02 -1.215468E-04  1.876568E-07 -2.728004E-09
231  5.82799830E+00 -1.000034E+00 -9.000022E-05  2.402985E-02 -1.031662E-04  2.402985E-02 -1.031662E-04  9.395718E-08 -1.365085E-09
232  6.02167338E+00 -1.000023E+00 -6.779169E-05  2.044018E-02 -8.721454E-05  2.044018E-02 -8.721454E-05  4.621252E-08 -6.709823E-10
233  6.21965769E+00 -1.000015E+00 -5.099294E-05  1.731146E-02 -7.342988E-05  1.731146E-02 -7.342988E-05  2.232493E-08 -3.239170E-10
234  6.42198865E+00 -1.000010E+00 -3.836142E-05  1.459752E-02 -6.156937E-05  1.459752E-02 -6.156937E-05  1.059154E-08 -1.535545E-10
235  6.62870310E+00 -1.000006E+00 -2.887515E-05  1.225472E-02 -5.140922E-05  1.225472E-02 -5.140922E-05  4.934058E-09 -7.147151E-11
236  6.83983735E+00 -1.000004E+00 -2.178432E-05  1.024209E-02 -4.274435E-05  1.024209E-02 -4.274435E-05  2.256653E-09 -3.265737E-11
237  7.05542715E+00 -1.000003E+00 -1.646867E-05  8.521536E-03 -3.538797E-05  8.521536E-03 -3.538797E-05  1.013165E-09 -1.464683E-11
238  7.27550772E+00 -1.000002E+00 -1.250033E-05  7.057884E-03 -2.917094E-05  7.057884E-03 -2.917094E-05  4.464684E-10 -6.722227E-12
239  7.50011373E+00 -1.000001E+00 -9.513069E-06  5.818916E-03 -2.394099E-05  5.818916E-03 -2.394099E-05  1.930798E-10 -2.109799E-12
240  7.72927933E+00 -1.000001E+00 -7.276572E-06  4.775346E-03 -1.956188E-05  4.775346E-03 -1.956188E-05  0.000000E+00  0.000000E+00
241  7.96303816E+00 -1.000000E+00 -5.576252E-06  3.900740E-03 -1.591241E-05  3.900740E-03 -1.591241E-05  0.000000E+00  0.000000E+00
242  8.20142333E+00 -1.000000E+00 -4.296802E-06  3.171419E-03 -1.288545E-05  3.171419E-03 -1.288545E-05  0.000000E+00  0.000000E+00
243  8.44446744E+00 -1.000000E+00 -3.309902E-06  2.566314E-03 -1.038683E-05  2.566314E-03 -1.038683E-05  0.000000E+00  0.000000E+00
244  8.69220259E+00 -1.000000E+00 -2.564357E-06  2.066813E-03 -8.334279E-06  2.066813E-03 -8.334279E-06  0.000000E+00  0.000000E+00
245  8.94466040E+00 -1.000000E+00 -1.979108E-06  1.656583E-03 -6.656370E-06  1.656583E-03 -6.656370E-06  0.000000E+00  0.000000E+00
246  9.20187197E+00 -1.000000E+00 -1.537586E-06  1.321394E-03 -5.291445E-06  1.321394E-03 -5.291445E-06  0.000000E+00  0.000000E+00
247  9.46386795E+00 -1.000000E+00 -1.184003E-06  1.048927E-03 -4.186607E-06  1.048927E-03 -4.186607E-06  0.000000E+00  0.000000E+00
248  9.73067851E+00 -1.000000E+00 -9.201955E-07  8.285869E-04 -3.296743E-06  8.285869E-04 -3.296743E-06  0.000000E+00  0.000000E+00
249  1.00023333E+01 -1.000000E+00 -7.037910E-07  6.513258E-04 -2.583612E-06  6.513258E-04 -2.583612E-06  0.000000E+00  0.000000E+00
250  1.02788617E+01 -1.000000E+00 -5.464457E-07  5.094635E-04 -2.014995E-06  5.094635E-04 -2.014995E-06  0.000000E+00  0.000000E+00
251  1.05602923E+01 -1.000000E+00 -4.130260E-07  3.965245E-04 -1.563904E-06  3.965245E-04 -1.563904E-06  0.000000E+00  0.000000E+00
252  1.08466535E+01 -1.000000E+00 -3.205391E-07  3.070838E-04 -1.207874E-06  3.070838E-04 -1.207874E-06  0.000000E+00  0.000000E+00
253  1.11379733E+01 -1.000000E+00 -2.379224E-07  2.366257E-04 -9.283121E-07  2.366257E-04 -9.283121E-07  0.000000E+00  0.000000E+00
254  1.14342791E+01 -1.000000E+00 -1.851970E-07  1.814151E-04 -7.099276E-07  1.814151E-04 -7.099276E-07  0.000000E+00  0.000000E+00
255  1.17355979E+01 -1.000000E+00 -1.365961E-07  1.383820E-04 -5.402171E-07  1.383820E-04 -5.402171E-07  0.000000E+00  0.000000E+00
256  1.20419563E+01 -1.000000E+00 -1.052800E-07  1.050195E-04 -4.090193E-07  1.050195E-04 -4.090193E-07  0.000000E+00  0.000000E+00
257  1.23533806E+01 -1.000000E+00 -7.667234E-08  7.929258E-05 -3.081256E-07  7.929258E-05 -3.081256E-07  0.000000E+00  0.000000E+00
258  1.26698966E+01 -1.000000E+00 -5.895630E-08  5.956035E-05 -2.309446E-07  5.956035E-05 -2.309446E-07  0.000000E+00  0.000000E+00
259  1.29915296E+01 -1.000000E+00 -4.201851E-08  4.450751E-05 -1.722154E-07  4.450751E-05 -1.722154E-07  0.000000E+00  0.000000E+00
260  1.33183048E+01 -1.000000E+00 -3.266642E-08  3.308647E-05 -1.277639E-07  3.308647E-05 -1.277639E-07  0.000000E+00  0.000000E+00
261  1.36502466E+01 -1.000000E+00 -2.248723E-08  2.446799E-05 -9.429862E-08  2.446799E-05 -9.429862E-08  0.000000E+00  0.000000E+00
262  1.39873795E+01 -1.000000E+00 -1.808794E-08  1.799977E-05 -6.923915E-08  1.799977E-05 -6.923915E-08  0.000000E+00  0.000000E+00
263  1.43297272E+01 -1.000000E+00 -1.175776E-08  1.317185E-05 -5.057506E-08  1.317185E-05 -5.057506E-08  0.000000E+00  0.000000E+00
264  1.46773132E+01 -1.000000E+00 -1.019566E-08  9.587996E-06 -3.674926E-08  9.587996E-06 -3.674926E-08  0.000000E+00  0.000000E+00
265  1.50301609E+01 -1.000000E+00 -6.012825E-09  6.942260E-06 -2.656304E-08  6.942260E-06 -2.656304E-08  0.000000E+00  0.000000E+00
266  1.53882928E+01 -1.000000E+00 -6.030716E-09  4.999845E-06 -1.909912E-08  4.999845E-06 -1.909912E-08  0.000000E+00  0.000000E+00
267  1.57517315E+01 -1.000000E+00 -3.015270E-09  3.581672E-06 -1.365984E-08  3.581672E-06 -1.365984E-08  0.000000E+00  0.000000E+00
268  1.61204992E+01 -1.000000E+00 -3.884806E-09  2.551994E-06 -9.717718E-09  2.551994E-06 -9.717718E-09  0.000000E+00  0.000000E+00
269  1.64946175E+01 -1.000000E+00 -1.490759E-09  1.808545E-06 -6.876378E-09  1.808545E-06 -6.876378E-09  0.000000E+00  0.000000E+00
270  1.68741080E+01 -1.000000E+00 -2.807900E-09  1.274753E-06 -4.839744E-09  1.274753E-06 -4.839744E-09  0.000000E+00  0.000000E+00
271  1.72589918E+01 -1.000000E+00 -7.353744E-10  8.936375E-07 -3.387997E-09  8.936375E-07 -3.387997E-09  0.000000E+00  0.000000E+00
272  1.76492897E+01 -1.000000E+00 -2.281280E-09  6.230560E-07 -2.358915E-09  6.230560E-07 -2.358915E-09  0.000000E+00  0.000000E+00
273  1.80450221E+01 -1.000000E+00 -3.707270E-10  4.320309E-07 -1.633509E-09  4.320309E-07 -1.633509E-09  0.000000E+00  0.000000E+00
274  1.84462094E+01 -1.000000E+00 -2.086944E-09  2.979316E-07 -1.125023E-09  2.979316E-07 -1.125023E-09  0.000000E+00  0.000000E+00
275  1.88528713E+01 -1.000000E+00 -1.992559E-10  2.043263E-07 -7.705906E-10  2.043263E-07 -7.705906E-10  0.000000E+00  0.000000E+00
276  1.92650275E+01 -1.000000E+00 -1.437052E-08  1.393575E-07 -5.249281E-10  1.393575E-07 -5.249281E-10  0.000000E+00  0.000000E+00
277  1.96826974E+01 -1.000000E+00 -1.207201E-10  9.452070E-08 -3.556161E-10  9.452070E-08 -3.556161E-10  0.000000E+00  0.000000E+00
278  2.01058998E+01 -1.000000E+00 -1.431789E-08  6.375386E-08 -2.395854E-10  6.375386E-08 -2.395854E-10  0.000000E+00  0.000000E+00
279  2.05346536E+01 -1.000000E+00 -8.569112E-11  4.276236E-08 -1.605197E-10  4.276236E-08 -1.605197E-10  0.000000E+00  0.000000E+00
280  2.09689772E+01 -1.000000E+00 -1.429751E-08  2.852233E-08 -1.069493E-10  2.852233E-08 -1.069493E-10  0.000000E+00  0.000000E+00
281  2.14088889E+01 -1.000000E+00 -7.047651E-11  1.891775E-08 -7.085996E-11  1.891775E-08 -7.085996E-11  0.000000E+00  0.000000E+00
282  2.18544066E+01 -1.000000E+00 -1.428759E-08  1.247693E-08 -4.668635E-11  1.247693E-08 -4.668635E-11  0.000000E+00  0.000000E+00
283  2.23055479E+01 -1.000000E+00 -6.404210E-11  8.182631E-09 -3.058704E-11  8.182631E-09 -3.058704E-11  0.000000E+00  0.000000E+00
284  2.27623303E+01 -1.000000E+00 -1.428345E-08  5.336031E-09 -1.992674E-11  5.336031E-09 -1.992674E-11  0.000000E+00  0.000000E+00
285  2.32247709E+01 -1.000000E+00 -6.139389E-11  3.460007E-09 -1.290859E-11  3.460007E-09 -1.290859E-11  0.000000E+00  0.000000E+00
286  2.36928866E+01 -1.000000E+00 -1.428176E-08  2.230808E-09 -8.314920E-12  2.230808E-09 -8.314920E-12  0.000000E+00  0.000000E+00
287  2.41666943E+01 -1.000000E+00 -6.033352E-11  1.430104E-09 -5.325583E-12  1.430104E-09 -5.325583E-12  0.000000E+00  0.000000E+00
288  2.46462102E+01 -1.000000E+00 -1.428110E-08  9.115625E-10 -3.391557E-12  9.115625E-10 -3.391557E-12  0.000000E+00  0.000000E+00
289  2.51314506E+01 -1.000000E+00 -5.992051E-11  5.777136E-10 -2.147570E-12  5.777136E-10 -2.147570E-12  0.000000E+00  0.000000E+00
290  2.56224315E+01 -1.000000E+00 -1.428084E-08  3.640320E-10 -1.352087E-12  3.640320E-10 -1.352087E-12  0.000000E+00  0.000000E+00
291  2.61191686E+01 -1.000000E+00 -5.976275E-11  2.280664E-10 -8.463795E-13  2.280664E-10 -8.463795E-13  0.000000E+00  0.000000E+00
292  2.66216775E+01 -1.000000E+00 -1.410115E-08  1.420600E-10 -5.287754E-13  1.420600E-10 -5.287754E-13  0.000000E+00  0.000000E+00
293  2.71299734E+01 -1.000000E+00 -9.253265E-12  8.797609E-11 -3.213369E-13  8.797609E-11 -3.213369E-13  0.000000E+00  0.000000E+00
