#      n =  2
#  kappa = -1
# energy = -2.76279498E+01
#     dn =  1.29824604E+00
#SelfEne =  3.72347512E-03
#     vc = -1.15721280E+02
#  ilast =  275
#    rfn =  2.54035557E-01
#    pdx =  9.99819473E-01
#   bqp0 = -6.29775540E-05
#   bqp1 =  0.00000000E+00
#    idx = 1


0    1.25000000E-07 -2.588883E-02 -7.407120E-08  1.285563E-06 -8.101137E-11  1.285563E-06 -8.101137E-11  2.030307E-06 -1.279305E-10
1    1.37045326E-07 -2.838353E-02 -8.119661E-08  1.409420E-06 -9.737471E-11  1.409420E-06 -9.737471E-11  2.225916E-06 -1.537735E-10
2    1.50251195E-07 -3.111857E-02 -8.900848E-08  1.545210E-06 -1.170430E-10  1.545210E-06 -1.170430E-10  2.440371E-06 -1.848359E-10
3    1.64729398E-07 -3.411715E-02 -9.757317E-08  1.694083E-06 -1.406839E-10  1.694083E-06 -1.406839E-10  2.675489E-06 -2.221720E-10
4    1.80602489E-07 -3.740461E-02 -1.069630E-07  1.857299E-06 -1.690995E-10  1.857299E-06 -1.690995E-10  2.933259E-06 -2.670487E-10
5    1.98004823E-07 -4.100878E-02 -1.172574E-07  2.036240E-06 -2.032543E-10  2.036240E-06 -2.032543E-10  3.215862E-06 -3.209889E-10
6    2.17083691E-07 -4.496014E-02 -1.285434E-07  2.232419E-06 -2.443071E-10  2.232419E-06 -2.443071E-10  3.525691E-06 -3.858232E-10
7    2.38000565E-07 -4.929215E-02 -1.409165E-07  2.447498E-06 -2.936511E-10  2.447498E-06 -2.936511E-10  3.865368E-06 -4.637513E-10
8    2.60932461E-07 -5.404150E-02 -1.544820E-07  2.683297E-06 -3.529605E-10  2.683297E-06 -3.529605E-10  4.237769E-06 -5.574177E-10
9    2.86073436E-07 -5.924831E-02 -1.693540E-07  2.941810E-06 -4.242478E-10  2.941810E-06 -4.242478E-10  4.646042E-06 -6.700003E-10
10   3.13636227E-07 -6.495662E-02 -1.856581E-07  3.225225E-06 -5.099315E-10  3.225225E-06 -5.099315E-10  5.093644E-06 -8.053188E-10
11   3.43854050E-07 -7.121483E-02 -2.035337E-07  3.535943E-06 -6.129186E-10  3.535943E-06 -6.129186E-10  5.584364E-06 -9.679641E-10
12   3.76982563E-07 -7.807573E-02 -2.231303E-07  3.876588E-06 -7.367030E-10  3.876588E-06 -7.367030E-10  6.122350E-06 -1.163454E-09
13   4.13302033E-07 -8.559742E-02 -2.446149E-07  4.250045E-06 -8.854835E-10  4.250045E-06 -8.854835E-10  6.712156E-06 -1.398419E-09
14   4.53119695E-07 -9.384345E-02 -2.681685E-07  4.659473E-06 -1.064307E-09  4.659473E-06 -1.064307E-09  7.358771E-06 -1.680831E-09
15   4.96772350E-07 -1.028836E-01 -2.939909E-07  5.108334E-06 -1.279238E-09  5.108334E-06 -1.279238E-09  8.067664E-06 -2.020267E-09
16   5.44629206E-07 -1.127941E-01 -3.222996E-07  5.600424E-06 -1.537566E-09  5.600424E-06 -1.537566E-09  8.844829E-06 -2.428239E-09
17   5.97094991E-07 -1.236589E-01 -3.533353E-07  6.139907E-06 -1.848052E-09  6.139907E-06 -1.848052E-09  9.696842E-06 -2.918582E-09
18   6.54613369E-07 -1.355697E-01 -3.873591E-07  6.731343E-06 -2.221224E-09  6.731343E-06 -2.221224E-09  1.063090E-05 -3.507922E-09
19   7.17670684E-07 -1.486270E-01 -4.246594E-07  7.379733E-06 -2.669733E-09  7.379733E-06 -2.669733E-09  1.165492E-05 -4.216242E-09
20   7.86800056E-07 -1.629411E-01 -4.655512E-07  8.090559E-06 -3.208785E-09  8.090559E-06 -3.208785E-09  1.277753E-05 -5.067553E-09
21   8.62585878E-07 -1.786328E-01 -5.103806E-07  8.869831E-06 -3.856651E-09  8.869831E-06 -3.856651E-09  1.400825E-05 -6.090711E-09
22   9.45668743E-07 -1.958343E-01 -5.595256E-07  9.724134E-06 -4.635288E-09  9.724134E-06 -4.635288E-09  1.535746E-05 -7.320394E-09
23   1.03675084E-06 -2.146909E-01 -6.134024E-07  1.066069E-05 -5.571081E-09  1.066069E-05 -5.571081E-09  1.683658E-05 -8.798270E-09
24   1.13660186E-06 -2.353611E-01 -6.724658E-07  1.168741E-05 -6.695737E-09  1.168741E-05 -6.695737E-09  1.845810E-05 -1.057441E-08
25   1.24606550E-06 -2.580189E-01 -7.372140E-07  1.281298E-05 -8.047349E-09  1.281298E-05 -8.047349E-09  2.023571E-05 -1.270898E-08
26   1.36606653E-06 -2.828551E-01 -8.081957E-07  1.404689E-05 -9.671693E-09  1.404689E-05 -9.671693E-09  2.218446E-05 -1.527426E-08
27   1.49761863E-06 -3.100778E-01 -8.860075E-07  1.539958E-05 -1.162376E-08  1.539958E-05 -1.162376E-08  2.432077E-05 -1.835712E-08
28   1.64183286E-06 -3.399160E-01 -9.713097E-07  1.688247E-05 -1.396963E-08  1.688247E-05 -1.396963E-08  2.666272E-05 -2.206189E-08
29   1.79992704E-06 -3.726191E-01 -1.064820E-06  1.850807E-05 -1.678868E-08  1.850807E-05 -1.678868E-08  2.923006E-05 -2.651395E-08
30   1.97323597E-06 -4.084606E-01 -1.167326E-06  2.029012E-05 -2.017625E-08  2.029012E-05 -2.017625E-08  3.204448E-05 -3.186386E-08
31   2.16322267E-06 -4.477398E-01 -1.279699E-06  2.224366E-05 -2.424689E-08  2.224366E-05 -2.424689E-08  3.512973E-05 -3.829251E-08
32   2.37149066E-06 -4.907829E-01 -1.402878E-06  2.438517E-05 -2.913815E-08  2.438517E-05 -2.913815E-08  3.851185E-05 -4.601715E-08
33   2.59979740E-06 -5.379476E-01 -1.537910E-06  2.673273E-05 -3.501521E-08  2.673273E-05 -3.501521E-08  4.221938E-05 -5.529866E-08
34   2.85006910E-06 -5.896233E-01 -1.685926E-06  2.930614E-05 -4.207644E-08  2.930614E-05 -4.207644E-08  4.628360E-05 -6.645029E-08
35   3.12441682E-06 -6.462355E-01 -1.848180E-06  3.212710E-05 -5.055998E-08  3.212710E-05 -5.055998E-08  5.073879E-05 -7.984813E-08
36   3.42515421E-06 -7.082468E-01 -2.026032E-06  3.521941E-05 -6.075166E-08  3.521941E-05 -6.075166E-08  5.562250E-05 -9.594359E-08
37   3.75481692E-06 -7.761619E-01 -2.220986E-06  3.860913E-05 -7.299449E-08  3.860913E-05 -7.299449E-08  6.097594E-05 -1.152784E-07
38   4.11618377E-06 -8.505282E-01 -2.434677E-06  4.232482E-05 -8.770001E-08  4.232482E-05 -8.770001E-08  6.684418E-05 -1.385025E-07
39   4.51230010E-06 -9.319409E-01 -2.668907E-06  4.639780E-05 -1.053618E-07  4.639780E-05 -1.053618E-07  7.327671E-05 -1.663953E-07
40   4.94650322E-06 -1.021044E+00 -2.925645E-06  5.086239E-05 -1.265715E-07  5.086239E-05 -1.265715E-07  8.032769E-05 -1.998913E-07
41   5.42245033E-06 -1.118530E+00 -3.207045E-06  5.575616E-05 -1.520384E-07  5.575616E-05 -1.520384E-07  8.805649E-05 -2.401105E-07
42   5.94414906E-06 -1.225147E+00 -3.515471E-06  6.112032E-05 -1.826117E-07  6.112032E-05 -1.826117E-07  9.652818E-05 -2.883941E-07
43   6.51599099E-06 -1.341698E+00 -3.853515E-06  6.700001E-05 -2.193079E-07  6.700001E-05 -2.193079E-07  1.058141E-04 -3.463475E-07
44   7.14278830E-06 -1.469033E+00 -4.224007E-06  7.344468E-05 -2.633428E-07  7.344468E-05 -2.633428E-07  1.159922E-04 -4.158908E-07
45   7.82981387E-06 -1.608057E+00 -4.630043E-06  8.050850E-05 -3.161691E-07  8.050850E-05 -3.161691E-07  1.271482E-04 -4.993181E-07
46   8.58284530E-06 -1.759723E+00 -5.075042E-06  8.825090E-05 -3.795206E-07  8.825090E-05 -3.795206E-07  1.393759E-04 -5.993676E-07
47   9.40821297E-06 -1.925011E+00 -5.562687E-06  9.673683E-05 -4.554638E-07  9.673683E-05 -4.554638E-07  1.527778E-04 -7.193028E-07
48   1.03128528E-05 -2.104936E+00 -6.097085E-06  1.060376E-04 -5.464575E-07  1.060376E-04 -5.464575E-07  1.674667E-04 -8.630070E-07
49   1.13043637E-05 -2.300508E+00 -6.682649E-06  1.162313E-04 -6.554218E-07  1.162313E-04 -6.554218E-07  1.835657E-04 -1.035092E-06
50   1.23910711E-05 -2.512720E+00 -7.324281E-06  1.274033E-04 -7.858157E-07  1.274033E-04 -7.858157E-07  2.012098E-04 -1.241020E-06
51   1.35820958E-05 -2.742495E+00 -8.027278E-06  1.396473E-04 -9.417247E-07  1.396473E-04 -9.417247E-07  2.205469E-04 -1.487243E-06
52   1.48874294E-05 -2.990644E+00 -8.797466E-06  1.530658E-04 -1.127956E-06  1.530658E-04 -1.127956E-06  2.417390E-04 -1.781354E-06
53   1.63180176E-05 -3.257787E+00 -9.641209E-06  1.677712E-04 -1.350141E-06  1.677712E-04 -1.350141E-06  2.649634E-04 -2.132246E-06
54   1.78858501E-05 -3.544257E+00 -1.056542E-05  1.838863E-04 -1.614840E-06  1.838863E-04 -1.614840E-06  2.904142E-04 -2.550279E-06
55   1.96040605E-05 -3.849981E+00 -1.157771E-05  2.015458E-04 -1.929640E-06  2.015458E-04 -1.929640E-06  3.183042E-04 -3.047435E-06
56   2.14870338E-05 -4.174314E+00 -1.268632E-05  2.208971E-04 -2.303240E-06  2.208971E-04 -2.303240E-06  3.488660E-04 -3.637455E-06
57   2.35505258E-05 -4.515843E+00 -1.390027E-05  2.421016E-04 -2.745505E-06  2.421016E-04 -2.745505E-06  3.823544E-04 -4.335915E-06
58   2.58117926E-05 -4.872154E+00 -1.522939E-05  2.653357E-04 -3.267457E-06  2.653357E-04 -3.267457E-06  4.190484E-04 -5.160223E-06
59   2.82897323E-05 -5.239564E+00 -1.668441E-05  2.907929E-04 -3.881188E-06  2.907929E-04 -3.881188E-06  4.592534E-04 -6.129479E-06
60   3.10050403E-05 -5.612848E+00 -1.827698E-05  3.186848E-04 -4.599647E-06  3.186848E-04 -4.599647E-06  5.033033E-04 -7.264129E-06
61   3.39803791E-05 -5.985053E+00 -2.001990E-05  3.492429E-04 -5.436252E-06  3.492429E-04 -5.436252E-06  5.515642E-04 -8.585367E-06
62   3.72405640E-05 -6.347434E+00 -2.192695E-05  3.827206E-04 -6.404322E-06  3.827206E-04 -6.404322E-06  6.044360E-04 -1.011423E-05
63   4.08127655E-05 -6.689800E+00 -2.401309E-05  4.193952E-04 -7.516312E-06  4.193952E-04 -7.516312E-06  6.623566E-04 -1.187039E-05
64   4.47267314E-05 -7.001360E+00 -2.629434E-05  4.595693E-04 -8.782959E-06  4.595693E-04 -8.782959E-06  7.258042E-04 -1.387080E-05
65   4.90150289E-05 -7.272238E+00 -2.878772E-05  5.035738E-04 -1.021253E-05  5.035738E-04 -1.021253E-05  7.953011E-04 -1.612851E-05
66   5.37133096E-05 -7.495432E+00 -3.151171E-05  5.517704E-04 -1.181048E-05  5.517704E-04 -1.181048E-05  8.714187E-04 -1.865217E-05
67   5.88605987E-05 -7.668530E+00 -3.448701E-05  6.045564E-04 -1.357983E-05  6.045564E-04 -1.357983E-05  9.547843E-04 -2.144653E-05
68   6.44996109E-05 -7.794275E+00 -3.773699E-05  6.623679E-04 -1.552236E-05  6.623679E-04 -1.552236E-05  1.046087E-03 -2.451440E-05
69   7.06770959E-05 -7.879600E+00 -4.128754E-05  7.256830E-04 -1.764026E-05  7.256830E-04 -1.764026E-05  1.146081E-03 -2.785927E-05
70   7.74442151E-05 -7.933595E+00 -4.516638E-05  7.950240E-04 -1.993792E-05  7.950240E-04 -1.993792E-05  1.255592E-03 -3.148807E-05
71   8.48569535E-05 -7.965401E+00 -4.940295E-05  8.709604E-04 -2.242315E-05  8.709604E-04 -2.242315E-05  1.375520E-03 -3.541314E-05
72   9.29765683E-05 -7.982782E+00 -5.402881E-05  9.541145E-04 -2.510783E-05  9.541145E-04 -2.510783E-05  1.506846E-03 -3.965324E-05
73   1.01870080E-04 -7.991537E+00 -5.907818E-05  1.045166E-03 -2.800799E-05  1.045166E-03 -2.800799E-05  1.650646E-03 -4.423371E-05
74   1.11610807E-04 -7.995549E+00 -6.458834E-05  1.144860E-03 -3.114352E-05  1.144860E-03 -3.114352E-05  1.808093E-03 -4.918599E-05
75   1.22278950E-04 -7.997170E+00 -7.059990E-05  1.254008E-03 -3.453782E-05  1.254008E-03 -3.453782E-05  1.980472E-03 -5.454704E-05
76   1.33962226E-04 -7.997689E+00 -7.715693E-05  1.373501E-03 -3.821742E-05  1.373501E-03 -3.821742E-05  2.169188E-03 -6.035878E-05
77   1.46756567E-04 -7.997743E+00 -8.430713E-05  1.504309E-03 -4.221174E-05  1.504309E-03 -4.221174E-05  2.375775E-03 -6.666769E-05
78   1.60766872E-04 -7.997612E+00 -9.210202E-05  1.647495E-03 -4.655306E-05  1.647495E-03 -4.655306E-05  2.601911E-03 -7.352480E-05
79   1.76107833E-04 -7.997408E+00 -1.005971E-04  1.804218E-03 -5.127655E-05  1.804218E-03 -5.127655E-05  2.849425E-03 -8.098569E-05
80   1.92904837E-04 -7.997166E+00 -1.098520E-04  1.975744E-03 -5.642048E-05  1.975744E-03 -5.642048E-05  3.120318E-03 -8.911082E-05
81   2.11294939E-04 -7.996897E+00 -1.199308E-04  2.163455E-03 -6.202644E-05  2.163455E-03 -6.202644E-05  3.416773E-03 -9.796594E-05
82   2.31427931E-04 -7.996601E+00 -1.309020E-04  2.368860E-03 -6.813962E-05  2.368860E-03 -6.813962E-05  3.741172E-03 -1.076225E-04
83   2.53467501E-04 -7.996278E+00 -1.428390E-04  2.593606E-03 -7.480920E-05  2.593606E-03 -7.480920E-05  4.096116E-03 -1.181582E-04
84   2.77592495E-04 -7.995924E+00 -1.558198E-04  2.839488E-03 -8.208863E-05  2.839488E-03 -8.208863E-05  4.484439E-03 -1.296576E-04
85   3.03998290E-04 -7.995536E+00 -1.699277E-04  3.108464E-03 -9.003611E-05  3.108464E-03 -9.003611E-05  4.909237E-03 -1.422128E-04
86   3.32898286E-04 -7.995112E+00 -1.852507E-04  3.402670E-03 -9.871495E-05  3.402670E-03 -9.871495E-05  5.373880E-03 -1.559237E-04
87   3.64525531E-04 -7.994648E+00 -2.018817E-04  3.724434E-03 -1.081940E-04  3.724434E-03 -1.081940E-04  5.882044E-03 -1.708994E-04
88   3.99134481E-04 -7.994140E+00 -2.199185E-04  4.076290E-03 -1.185484E-04  4.076290E-03 -1.185484E-04  6.437733E-03 -1.872586E-04
89   4.37002918E-04 -7.993584E+00 -2.394631E-04  4.461000E-03 -1.298595E-04  4.461000E-03 -1.298595E-04  7.045309E-03 -2.051302E-04
90   4.78434025E-04 -7.992976E+00 -2.606217E-04  4.881570E-03 -1.422162E-04  4.881570E-03 -1.422162E-04  7.709520E-03 -2.246548E-04
91   5.23758647E-04 -7.992311E+00 -2.835037E-04  5.341272E-03 -1.557151E-04  5.341272E-03 -1.557151E-04  8.435530E-03 -2.459851E-04
92   5.73337730E-04 -7.991584E+00 -3.082210E-04  5.843663E-03 -1.704610E-04  5.843663E-03 -1.704610E-04  9.228960E-03 -2.692874E-04
93   6.27564981E-04 -7.990788E+00 -3.348866E-04  6.392612E-03 -1.865682E-04  6.392612E-03 -1.865682E-04  1.009592E-02 -2.947424E-04
94   6.86869738E-04 -7.989918E+00 -3.636134E-04  6.992319E-03 -2.041606E-04  6.992319E-03 -2.041606E-04  1.104304E-02 -3.225464E-04
95   7.51720080E-04 -7.988967E+00 -3.945117E-04  7.647350E-03 -2.233730E-04  7.647350E-03 -2.233730E-04  1.207753E-02 -3.529129E-04
96   8.22626199E-04 -7.987927E+00 -4.276869E-04  8.362655E-03 -2.443515E-04  8.362655E-03 -2.443515E-04  1.320721E-02 -3.860737E-04
97   9.00144039E-04 -7.986791E+00 -4.632366E-04  9.143606E-03 -2.672548E-04  9.143606E-03 -2.672548E-04  1.444057E-02 -4.222803E-04
98   9.84879239E-04 -7.985549E+00 -5.012461E-04  9.996021E-03 -2.922550E-04  9.996021E-03 -2.922550E-04  1.578678E-02 -4.618056E-04
99   1.07749138E-03 -7.984191E+00 -5.417841E-04  1.092620E-02 -3.195385E-04  1.092620E-02 -3.195385E-04  1.725581E-02 -5.049454E-04
100  1.17869859E-03 -7.982708E+00 -5.848961E-04  1.194097E-02 -3.493073E-04  1.194097E-02 -3.493073E-04  1.885842E-02 -5.520202E-04
101  1.28928248E-03 -7.981088E+00 -6.305980E-04  1.304769E-02 -3.817797E-04  1.304769E-02 -3.817797E-04  2.060625E-02 -6.033772E-04
102  1.41009350E-03 -7.979319E+00 -6.788667E-04  1.425432E-02 -4.171921E-04  1.425432E-02 -4.171921E-04  2.251186E-02 -6.593917E-04
103  1.54205670E-03 -7.977386E+00 -7.296304E-04  1.556944E-02 -4.557996E-04  1.556944E-02 -4.557996E-04  2.458880E-02 -7.204694E-04
104  1.68617789E-03 -7.975277E+00 -7.827552E-04  1.700230E-02 -4.978775E-04  1.700230E-02 -4.978775E-04  2.685168E-02 -7.870486E-04
105  1.84355033E-03 -7.972973E+00 -8.380309E-04  1.856286E-02 -5.437226E-04  1.856286E-02 -5.437226E-04  2.931621E-02 -8.596019E-04
106  2.01536189E-03 -7.970460E+00 -8.951530E-04  2.026180E-02 -5.936546E-04  2.026180E-02 -5.936546E-04  3.199928E-02 -9.386388E-04
107  2.20290269E-03 -7.967718E+00 -9.537024E-04  2.211060E-02 -6.480169E-04  2.211060E-02 -6.480169E-04  3.491899E-02 -1.024707E-03
108  2.40757339E-03 -7.964726E+00 -1.013120E-03  2.412155E-02 -7.071787E-04  2.412155E-02 -7.071787E-04  3.809474E-02 -1.118397E-03
109  2.63089397E-03 -7.961463E+00 -1.072679E-03  2.630778E-02 -7.715355E-04  2.630778E-02 -7.715355E-04  4.154727E-02 -1.220341E-03
110  2.87451323E-03 -7.957905E+00 -1.131452E-03  2.868331E-02 -8.415109E-04  2.868331E-02 -8.415109E-04  4.529872E-02 -1.331217E-03
111  3.14021885E-03 -7.954027E+00 -1.188269E-03  3.126308E-02 -9.175573E-04  3.126308E-02 -9.175573E-04  4.937265E-02 -1.451750E-03
112  3.42994816E-03 -7.949800E+00 -1.241679E-03  3.406293E-02 -1.000157E-03  3.406293E-02 -1.000157E-03  5.379406E-02 -1.582715E-03
113  3.74579972E-03 -7.945196E+00 -1.289892E-03  3.709967E-02 -1.089824E-03  3.709967E-02 -1.089824E-03  5.858947E-02 -1.724940E-03
114  4.09004551E-03 -7.940181E+00 -1.330724E-03  4.039104E-02 -1.187103E-03  4.039104E-02 -1.187103E-03  6.378687E-02 -1.879301E-03
115  4.46514401E-03 -7.934720E+00 -1.361532E-03  4.395571E-02 -1.292572E-03  4.395571E-02 -1.292572E-03  6.941570E-02 -2.046733E-03
116  4.87375402E-03 -7.928777E+00 -1.379137E-03  4.781327E-02 -1.406838E-03  4.781327E-02 -1.406838E-03  7.550684E-02 -2.228222E-03
117  5.31874944E-03 -7.922310E+00 -1.379739E-03  5.198419E-02 -1.530543E-03  5.198419E-02 -1.530543E-03  8.209254E-02 -2.424809E-03
118  5.80323479E-03 -7.915277E+00 -1.358829E-03  5.648973E-02 -1.664360E-03  5.648973E-02 -1.664360E-03  8.920629E-02 -2.637590E-03
119  6.33056171E-03 -7.907629E+00 -1.311081E-03  6.135188E-02 -1.808989E-03  6.135188E-02 -1.808989E-03  9.688271E-02 -2.867714E-03
120  6.90434641E-03 -7.899317E+00 -1.230247E-03  6.659323E-02 -1.965159E-03  6.659323E-02 -1.965159E-03  1.051573E-01 -3.116377E-03
121  7.52848799E-03 -7.890287E+00 -1.109031E-03  7.223683E-02 -2.133626E-03  7.223683E-02 -2.133626E-03  1.140663E-01 -3.384827E-03
122  8.20718782E-03 -7.880482E+00 -9.389696E-04  7.830598E-02 -2.315162E-03  7.830598E-02 -2.315162E-03  1.236463E-01 -3.674350E-03
123  8.94496982E-03 -7.869838E+00 -7.102985E-04  8.482403E-02 -2.510559E-03  8.482403E-02 -2.510559E-03  1.339338E-01 -3.986269E-03
124  9.74670179E-03 -7.858291E+00 -4.118193E-04  9.181404E-02 -2.720618E-03  9.181404E-02 -2.720618E-03  1.449649E-01 -4.321934E-03
125  1.06176177E-02 -7.845769E+00 -3.077194E-05  9.929846E-02 -2.946141E-03  9.929846E-02 -2.946141E-03  1.567744E-01 -4.682710E-03
126  1.15633411E-02 -7.832197E+00  4.472878E-04  1.072987E-01 -3.187924E-03  1.072987E-01 -3.187924E-03  1.693957E-01 -5.069970E-03
127  1.25899092E-02 -7.817496E+00  1.038593E-03  1.158348E-01 -3.446745E-03  1.158348E-01 -3.446745E-03  1.828595E-01 -5.485072E-03
128  1.37037984E-02 -7.801580E+00  1.761248E-03  1.249245E-01 -3.723350E-03  1.249245E-01 -3.723350E-03  1.971928E-01 -5.929343E-03
129  1.49119502E-02 -7.784359E+00  2.635270E-03  1.345830E-01 -4.018442E-03  1.345830E-01 -4.018442E-03  2.124184E-01 -6.404060E-03
130  1.62217987E-02 -7.765737E+00  3.682588E-03  1.448219E-01 -4.332657E-03  1.448219E-01 -4.332657E-03  2.285530E-01 -6.910422E-03
131  1.76412984E-02 -7.745615E+00  4.926971E-03  1.556486E-01 -4.666549E-03  1.556486E-01 -4.666549E-03  2.456063E-01 -7.449517E-03
132  1.91789529E-02 -7.723885E+00  6.393873E-03  1.670652E-01 -5.020568E-03  1.670652E-01 -5.020568E-03  2.635790E-01 -8.022295E-03
133  2.08438450E-02 -7.700436E+00  8.110173E-03  1.790674E-01 -5.395031E-03  1.790674E-01 -5.395031E-03  2.824613E-01 -8.629522E-03
134  2.26456665E-02 -7.675151E+00  1.010380E-02  1.916435E-01 -5.790097E-03  1.916435E-01 -5.790097E-03  3.022308E-01 -9.271742E-03
135  2.45947496E-02 -7.647906E+00  1.240317E-02  2.047729E-01 -6.205738E-03  2.047729E-01 -6.205738E-03  3.228503E-01 -9.949223E-03
136  2.67020979E-02 -7.618574E+00  1.503652E-02  2.184253E-01 -6.641702E-03  2.184253E-01 -6.641702E-03  3.442657E-01 -1.066191E-02
137  2.89794186E-02 -7.587022E+00  1.803098E-02  2.325583E-01 -7.097482E-03  2.325583E-01 -7.097482E-03  3.664031E-01 -1.140936E-02
138  3.14391547E-02 -7.553112E+00  2.141144E-02  2.471168E-01 -7.572281E-03  2.471168E-01 -7.572281E-03  3.891665E-01 -1.219068E-02
139  3.40945174E-02 -7.516700E+00  2.519928E-02  2.620310E-01 -8.064970E-03  2.620310E-01 -8.064970E-03  4.124346E-01 -1.300447E-02
140  3.69595181E-02 -7.477641E+00  2.941073E-02  2.772148E-01 -8.574055E-03  2.772148E-01 -8.574055E-03  4.360587E-01 -1.384873E-02
141  4.00490015E-02 -7.435784E+00  3.405513E-02  2.925644E-01 -9.097642E-03  2.925644E-01 -9.097642E-03  4.598589E-01 -1.472082E-02
142  4.33786767E-02 -7.390975E+00  3.913301E-02  3.079568E-01 -9.633396E-03  3.079568E-01 -9.633396E-03  4.836223E-01 -1.561735E-02
143  4.69651498E-02 -7.343059E+00  4.463393E-02  3.232485E-01 -1.017852E-02  3.232485E-01 -1.017852E-02  5.070998E-01 -1.653413E-02
144  5.08259544E-02 -7.291880E+00  5.053438E-02  3.382742E-01 -1.072972E-02  3.382742E-01 -1.072972E-02  5.300044E-01 -1.746611E-02
145  5.49795817E-02 -7.237280E+00  5.679567E-02  3.528461E-01 -1.128321E-02  3.528461E-01 -1.128321E-02  5.520089E-01 -1.840729E-02
146  5.94455102E-02 -7.179103E+00  6.336201E-02  3.667533E-01 -1.183466E-02  3.667533E-01 -1.183466E-02  5.727449E-01 -1.935067E-02
147  6.42442337E-02 -7.117195E+00  7.015891E-02  3.797619E-01 -1.237924E-02  3.797619E-01 -1.237924E-02  5.918028E-01 -2.028824E-02
148  6.93972879E-02 -7.051407E+00  7.709219E-02  3.916152E-01 -1.291161E-02  3.916152E-01 -1.291161E-02  6.087320E-01 -2.121090E-02
149  7.49272759E-02 -6.981594E+00  8.404761E-02  4.020352E-01 -1.342597E-02  4.020352E-01 -1.342597E-02  6.230428E-01 -2.210850E-02
150  8.08578914E-02 -6.907617E+00  9.089157E-02  4.107239E-01 -1.391607E-02  4.107239E-01 -1.391607E-02  6.342100E-01 -2.296987E-02
151  8.72139406E-02 -6.829349E+00  9.747289E-02  4.173667E-01 -1.437533E-02  4.173667E-01 -1.437533E-02  6.416777E-01 -2.378283E-02
152  9.40213612E-02 -6.746673E+00  1.036259E-01  4.216353E-01 -1.479683E-02  4.216353E-01 -1.479683E-02  6.448658E-01 -2.453429E-02
153  1.01307240E-01 -6.659484E+00  1.091750E-01  4.231925E-01 -1.517351E-02  4.231925E-01 -1.517351E-02  6.431794E-01 -2.521104E-02
154  1.09099828E-01 -6.567696E+00  1.139407E-01  4.216975E-01 -1.549871E-02  4.216975E-01 -1.549871E-02  6.360198E-01 -2.579813E-02
155  1.17428551E-01 -6.471237E+00  1.177468E-01  4.168128E-01 -1.576491E-02  4.168128E-01 -1.576491E-02  6.227975E-01 -2.628073E-02
156  1.26324021E-01 -6.370060E+00  1.204287E-01  4.082108E-01 -1.596519E-02  4.082108E-01 -1.596519E-02  6.029482E-01 -2.664395E-02
157  1.35818040E-01 -6.264137E+00  1.218426E-01  3.955826E-01 -1.609300E-02  3.955826E-01 -1.609300E-02  5.759507E-01 -2.687306E-02
158  1.45943608E-01 -6.153471E+00  1.218739E-01  3.786470E-01 -1.614230E-02  3.786470E-01 -1.614230E-02  5.413463E-01 -2.695396E-02
159  1.56734918E-01 -6.038087E+00  1.204459E-01  3.571598E-01 -1.610773E-02  3.571598E-01 -1.610773E-02  4.987607E-01 -2.687350E-02
160  1.68227357E-01 -5.918047E+00  1.175249E-01  3.309238E-01 -1.598476E-02  3.309238E-01 -1.598476E-02  4.479262E-01 -2.661997E-02
161  1.80457500E-01 -5.793440E+00  1.131240E-01  2.997987E-01 -1.576993E-02  2.997987E-01 -1.576993E-02  3.887046E-01 -2.618359E-02
162  1.93463100E-01 -5.664395E+00  1.073008E-01  2.637110E-01 -1.546092E-02  2.637110E-01 -1.546092E-02  3.211101E-01 -2.555693E-02
163  2.07283073E-01 -5.531075E+00  1.001508E-01  2.226627E-01 -1.505678E-02  2.226627E-01 -1.505678E-02  2.453296E-01 -2.473544E-02
164  2.21957488E-01 -5.393680E+00  9.179360E-02  1.767395E-01 -1.455800E-02  1.767395E-01 -1.455800E-02  1.617420E-01 -2.371789E-02
165  2.37527547E-01 -5.252452E+00  8.235267E-02  1.261173E-01 -1.396666E-02  1.261173E-01 -1.396666E-02  7.093214E-02 -2.250675E-02
166  2.54035557E-01 -5.107672E+00  7.192920E-02  7.106648E-02 -1.328647E-02  7.106648E-02 -1.328647E-02 -2.629914E-02 -2.110855E-02
167  2.71524915E-01 -4.959658E+00  6.057337E-02  1.195411E-02 -1.252279E-02  1.195411E-02 -1.252279E-02 -1.289321E-01 -1.953409E-02
168  2.90040073E-01 -4.808771E+00  4.825907E-02 -5.075643E-02 -1.168264E-02 -5.075643E-02 -1.168264E-02 -2.357323E-01 -1.779858E-02
169  3.09626510E-01 -4.655407E+00  3.487228E-02 -1.165088E-01 -1.077453E-02 -1.165088E-01 -1.077453E-02 -3.452634E-01 -1.592159E-02
170  3.30330701E-01 -4.500000E+00  2.022623E-02 -1.846601E-01 -9.808378E-03 -1.846601E-01 -9.808378E-03 -4.559091E-01 -1.392686E-02
171  3.52200076E-01 -4.343016E+00  4.114640E-03 -2.544896E-01 -8.795212E-03 -2.544896E-01 -8.795212E-03 -5.659043E-01 -1.184196E-02
172  3.75282987E-01 -4.184953E+00 -1.359684E-02 -3.252104E-01 -7.746959E-03 -3.252104E-01 -7.746959E-03 -6.733759E-01 -9.697734E-03
173  3.99628669E-01 -4.026334E+00 -3.286230E-02 -3.959835E-01 -6.676147E-03 -3.959835E-01 -6.676147E-03 -7.763919E-01 -7.527589E-03
174  4.25287190E-01 -3.867704E+00 -5.337201E-02 -4.659333E-01 -5.595645E-03 -4.659333E-01 -5.595645E-03 -8.730174E-01 -5.366650E-03
175  4.52309418E-01 -3.709624E+00 -7.453514E-02 -5.341657E-01 -4.518431E-03 -5.341657E-01 -4.518431E-03 -9.613760E-01 -3.250746E-03
176  4.80746967E-01 -3.552665E+00 -9.554221E-02 -5.997873E-01 -3.457376E-03 -5.997873E-01 -3.457376E-03 -1.039715E+00 -1.215327E-03
177  5.10652156E-01 -3.397404E+00 -1.154821E-01 -6.619267E-01 -2.425038E-03 -6.619267E-01 -2.425038E-03 -1.106468E+00  7.056902E-04
178  5.42077957E-01 -3.244414E+00 -1.334696E-01 -7.197561E-01 -1.433431E-03 -7.197561E-01 -1.433431E-03 -1.160317E+00  2.481062E-03
179  5.75077953E-01 -3.094258E+00 -1.487463E-01 -7.725129E-01 -4.937723E-04 -7.725129E-01 -4.937723E-04 -1.200248E+00  4.083217E-03
180  6.09706280E-01 -2.947482E+00 -1.607423E-01 -8.195209E-01  3.837880E-04 -8.195209E-01  3.837880E-04 -1.225593E+00  5.489463E-03
181  6.46017586E-01 -2.804608E+00 -1.690984E-01 -8.602088E-01  1.190441E-03 -8.602088E-01  1.190441E-03 -1.236062E+00  6.682609E-03
182  6.84066975E-01 -2.666129E+00 -1.736632E-01 -8.941258E-01  1.918959E-03 -8.941258E-01  1.918959E-03 -1.231762E+00  7.651444E-03
183  7.23909960E-01 -2.532497E+00 -1.744730E-01 -9.209525E-01  2.563899E-03 -9.209525E-01  2.563899E-03 -1.213194E+00  8.391270E-03
184  7.65602413E-01 -2.404124E+00 -1.717254E-01 -9.405086E-01  3.121682E-03 -9.405086E-01  3.121682E-03 -1.181237E+00  8.903855E-03
185  8.09200516E-01 -2.281370E+00 -1.657496E-01 -9.527544E-01  3.590754E-03 -9.527544E-01  3.590754E-03 -1.137113E+00  9.197208E-03
186  8.54760711E-01 -2.164543E+00 -1.569780E-01 -9.577863E-01  3.971475E-03 -9.577863E-01  3.971475E-03 -1.082338E+00  9.285059E-03
187  9.02339653E-01 -2.053894E+00 -1.459193E-01 -9.558303E-01  4.265961E-03 -9.558303E-01  4.265961E-03 -1.018656E+00  9.186102E-03
188  9.51994160E-01 -1.949613E+00 -1.331330E-01 -9.472293E-01  4.478002E-03 -9.472293E-01  4.478002E-03 -9.479739E-01  8.923030E-03
189  1.00378117E+00 -1.851831E+00 -1.192045E-01 -9.324280E-01  4.612788E-03 -9.324280E-01  4.612788E-03 -8.722761E-01  8.521429E-03
190  1.05775770E+00 -1.760615E+00 -1.047213E-01 -9.119543E-01  4.676645E-03 -9.119543E-01  4.676645E-03 -7.935512E-01  8.008596E-03
191  1.11398078E+00 -1.675972E+00 -9.024704E-02 -8.864004E-01  4.676737E-03 -8.864004E-01  4.676737E-03 -7.137153E-01  7.412345E-03
192  1.17250745E+00 -1.597852E+00 -7.629656E-02 -8.564026E-01  4.620769E-03 -8.564026E-01  4.620769E-03 -6.345453E-01  6.759880E-03
193  1.23339467E+00 -1.526147E+00 -6.331055E-02 -8.226222E-01  4.516694E-03 -8.226222E-01  4.516694E-03 -5.576223E-01  6.076778E-03
194  1.29669932E+00 -1.460699E+00 -5.163340E-02 -7.857272E-01  4.372453E-03 -7.857272E-01  4.372453E-03 -4.842891E-01  5.386155E-03
195  1.36247815E+00 -1.401304E+00 -4.149689E-02 -7.463766E-01  4.195736E-03 -7.463766E-01  4.195736E-03 -4.156227E-01  4.708029E-03
196  1.43078774E+00 -1.347714E+00 -3.301295E-02 -7.052068E-01  3.993799E-03 -7.052068E-01  3.993799E-03 -3.524220E-01  4.058910E-03
197  1.50168444E+00 -1.299650E+00 -2.617754E-02 -6.628204E-01  3.773323E-03 -6.628204E-01  3.773323E-03 -2.952108E-01  3.451617E-03
198  1.57522439E+00 -1.256802E+00 -2.088584E-02 -6.197787E-01  3.540318E-03 -6.197787E-01  3.540318E-03 -2.442535E-01  2.895297E-03
199  1.65146345E+00 -1.218837E+00 -1.695640E-02 -5.765949E-01  3.300083E-03 -5.765949E-01  3.300083E-03 -1.995814E-01  2.395637E-03
200  1.73045718E+00 -1.185411E+00 -1.416049E-02 -5.337316E-01  3.057192E-03 -5.337316E-01  3.057192E-03 -1.610275E-01  1.955214E-03
201  1.81226080E+00 -1.156166E+00 -1.225141E-02 -4.915981E-01  2.815519E-03 -4.915981E-01  2.815519E-03 -1.282653E-01  1.573951E-03
202  1.89692918E+00 -1.130746E+00 -1.099021E-02 -4.505505E-01  2.578278E-03 -4.505505E-01  2.578278E-03 -1.008498E-01  1.249632E-03
203  1.98451682E+00 -1.108795E+00 -1.016436E-02 -4.108920E-01  2.348080E-03 -4.108920E-01  2.348080E-03 -7.825703E-02  9.784311E-04
204  2.07507780E+00 -1.089967E+00 -9.599123E-03 -3.728747E-01  2.126991E-03 -3.728747E-01  2.126991E-03 -5.992119E-02  7.554292E-04
205  2.16866578E+00 -1.073926E+00 -9.161582E-03 -3.367010E-01  1.916596E-03 -3.367010E-01  1.916596E-03 -4.526592E-02  5.750771E-04
206  2.26533396E+00 -1.060353E+00 -8.759298E-03 -3.025271E-01  1.718055E-03 -3.025271E-01  1.718055E-03 -3.373035E-02  4.315953E-04
207  2.36513510E+00 -1.048950E+00 -8.335184E-03 -2.704650E-01  1.532160E-03 -2.704650E-01  1.532160E-03 -2.478869E-02  3.192950E-04
208  2.46812146E+00 -1.039437E+00 -7.860646E-03 -2.405862E-01  1.359383E-03 -2.405862E-01  1.359383E-03 -1.796364E-02  2.328177E-04
209  2.57434478E+00 -1.031557E+00 -7.328115E-03 -2.129251E-01  1.199922E-03 -2.129251E-01  1.199922E-03 -1.283416E-02  1.672977E-04
210  2.68385633E+00 -1.025079E+00 -6.744218E-03 -1.874828E-01  1.053743E-03 -1.874828E-01  1.053743E-03 -9.038534E-03  1.184551E-04
211  2.79670683E+00 -1.019791E+00 -6.123864E-03 -1.642309E-01  9.206171E-04 -1.642309E-01  9.206171E-04 -6.273510E-03  8.263149E-05
212  2.91294645E+00 -1.015507E+00 -5.485718E-03 -1.431153E-01  8.001558E-04 -1.431153E-01  8.001558E-04 -4.290724E-03  5.678097E-05
213  3.03262482E+00 -1.012063E+00 -4.848806E-03 -1.240604E-01  6.918411E-04 -1.240604E-01  6.918411E-04 -2.891237E-03  3.842922E-05
214  3.15579104E+00 -1.009316E+00 -4.230388E-03 -1.069727E-01  5.950548E-04 -1.069727E-01  5.950548E-04 -1.919092E-03  2.561282E-05
215  3.28249360E+00 -1.007141E+00 -3.644624E-03 -9.174502E-02  5.091045E-04 -9.174502E-02  5.091045E-04 -1.254566E-03  1.680835E-05
216  3.41278045E+00 -1.005433E+00 -3.102093E-03 -7.825952E-02  4.332464E-04 -7.825952E-02  4.332464E-04 -8.076139E-04  1.085924E-05
217  3.54669893E+00 -1.004102E+00 -2.609695E-03 -6.639154E-02  3.667064E-04 -6.639154E-02  3.667064E-04 -5.118635E-04  6.905803E-06
218  3.68429584E+00 -1.003073E+00 -2.171028E-03 -5.601243E-02  3.086981E-04 -5.601243E-02  3.086981E-04 -3.193543E-04  4.322192E-06
219  3.82561734E+00 -1.002285E+00 -1.786823E-03 -4.699237E-02  2.584383E-04 -4.699237E-02  2.584383E-04 -1.961049E-04  2.661967E-06
220  3.97070905E+00 -1.001685E+00 -1.455603E-03 -3.920274E-02  2.151605E-04 -3.920274E-02  2.151605E-04 -1.185034E-04  1.613037E-06
221  4.11961597E+00 -1.001233E+00 -1.174211E-03 -3.251820E-02  1.781251E-04 -3.251820E-02  1.781251E-04 -7.045783E-05  9.615310E-07
222  4.27238250E+00 -1.000895E+00 -9.384292E-04 -2.681840E-02  1.466288E-04 -2.681840E-02  1.466288E-04 -4.121119E-05  5.637593E-07
223  4.42905246E+00 -1.000644E+00 -7.433772E-04 -2.198925E-02  1.200104E-04 -2.198925E-02  1.200104E-04 -2.370935E-05  3.250650E-07
224  4.58966908E+00 -1.000460E+00 -5.839874E-04 -1.792399E-02  9.765591E-05 -1.792399E-02  9.765591E-05 -1.341451E-05  1.843009E-07
225  4.75427499E+00 -1.000325E+00 -4.552016E-04 -1.452382E-02  7.900096E-05 -1.452382E-02  7.900096E-05 -7.463000E-06  1.027308E-07
226  4.92291221E+00 -1.000228E+00 -3.522800E-04 -1.169836E-02  6.353233E-05 -1.169836E-02  6.353233E-05 -4.081963E-06  5.628925E-08
227  5.09562221E+00 -1.000159E+00 -2.708379E-04 -9.365748E-03  5.078793E-05 -9.365748E-03  5.078793E-05 -2.194704E-06  3.031358E-08
228  5.27244583E+00 -1.000110E+00 -2.070210E-04 -7.452639E-03  4.035566E-05 -7.452639E-03  4.035566E-05 -1.159762E-06  1.604250E-08
229  5.45342335E+00 -1.000075E+00 -1.574339E-04 -5.893919E-03  3.187145E-05 -5.893919E-03  3.187145E-05 -6.022594E-07  8.341930E-09
230  5.63859447E+00 -1.000051E+00 -1.192337E-04 -4.632352E-03  2.501659E-05 -4.632352E-03  2.501659E-05 -3.072954E-07  4.261450E-09
231  5.82799830E+00 -1.000034E+00 -9.000022E-05 -3.618091E-03  1.951458E-05 -3.618091E-03  1.951458E-05 -1.540364E-07  2.138364E-09
232  6.02167338E+00 -1.000023E+00 -6.779169E-05 -2.808118E-03  1.512765E-05 -2.808118E-03  1.512765E-05 -7.584435E-08  1.053846E-09
233  6.21965769E+00 -1.000015E+00 -5.099294E-05 -2.165643E-03  1.165310E-05 -2.165643E-03  1.165310E-05 -3.667699E-08  5.100129E-10
234  6.42198865E+00 -1.000010E+00 -3.836142E-05 -1.659481E-03  8.919618E-06 -1.659481E-03  8.919618E-06 -1.741702E-08  2.423440E-10
235  6.62870310E+00 -1.000006E+00 -2.887515E-05 -1.263427E-03  6.783644E-06 -1.263427E-03  6.783644E-06 -8.120876E-09  1.130496E-10
236  6.83983735E+00 -1.000004E+00 -2.178432E-05 -9.556507E-04  5.125894E-06 -9.556507E-04  5.125894E-06 -3.717244E-09  5.176426E-11
237  7.05542715E+00 -1.000003E+00 -1.646867E-05 -7.181222E-04  3.848081E-06 -7.181222E-04  3.848081E-06 -1.670202E-09  2.326239E-11
238  7.27550772E+00 -1.000002E+00 -1.250033E-05 -5.360771E-04  2.869889E-06 -5.360771E-04  2.869889E-06 -7.365260E-10  1.025844E-11
239  7.50011373E+00 -1.000001E+00 -9.513069E-06 -3.975259E-04  2.126236E-06 -3.975259E-04  2.126236E-06 -3.187278E-10  4.438648E-12
240  7.72927933E+00 -1.000001E+00 -7.276572E-06 -2.928149E-04  1.564812E-06 -2.928149E-04  1.564812E-06 -1.353339E-10  1.989666E-12
241  7.96303816E+00 -1.000000E+00 -5.576252E-06 -2.142351E-04  1.143924E-06 -2.142351E-04  1.143924E-06 -5.637563E-11  5.234217E-13
242  8.20142333E+00 -1.000000E+00 -4.296802E-06 -1.556821E-04  8.306076E-07 -1.556821E-04  8.306076E-07  0.000000E+00  0.000000E+00
243  8.44446744E+00 -1.000000E+00 -3.309902E-06 -1.123617E-04  5.990168E-07 -1.123617E-04  5.990168E-07  0.000000E+00  0.000000E+00
244  8.69220259E+00 -1.000000E+00 -2.564357E-06 -8.053979E-05  4.290489E-07 -8.053979E-05  4.290489E-07  0.000000E+00  0.000000E+00
245  8.94466040E+00 -1.000000E+00 -1.979108E-06 -5.733200E-05  3.051971E-07 -5.733200E-05  3.051971E-07  0.000000E+00  0.000000E+00
246  9.20187197E+00 -1.000000E+00 -1.537586E-06 -4.052843E-05  2.155961E-07 -4.052843E-05  2.155961E-07  0.000000E+00  0.000000E+00
247  9.46386795E+00 -1.000000E+00 -1.184003E-06 -2.844991E-05  1.512411E-07 -2.844991E-05  1.512411E-07  0.000000E+00  0.000000E+00
248  9.73067851E+00 -1.000000E+00 -9.201955E-07 -1.983091E-05  1.053536E-07 -1.983091E-05  1.053536E-07  0.000000E+00  0.000000E+00
249  1.00023333E+01 -1.000000E+00 -7.037910E-07 -1.372549E-05  7.287206E-08 -1.372549E-05  7.287206E-08  0.000000E+00  0.000000E+00
250  1.02788617E+01 -1.000000E+00 -5.464457E-07 -9.432335E-06  5.004812E-08 -9.432335E-06  5.004812E-08  0.000000E+00  0.000000E+00
251  1.05602923E+01 -1.000000E+00 -4.130260E-07 -6.435767E-06  3.412809E-08 -6.435767E-06  3.412809E-08  0.000000E+00  0.000000E+00
252  1.08466535E+01 -1.000000E+00 -3.205391E-07 -4.359678E-06  2.310558E-08 -4.359678E-06  2.310558E-08  0.000000E+00  0.000000E+00
253  1.11379733E+01 -1.000000E+00 -2.379224E-07 -2.932009E-06  1.553051E-08 -2.932009E-06  1.553051E-08  0.000000E+00  0.000000E+00
254  1.14342791E+01 -1.000000E+00 -1.851970E-07 -1.957568E-06  1.036339E-08 -1.957568E-06  1.036339E-08  0.000000E+00  0.000000E+00
255  1.17355979E+01 -1.000000E+00 -1.365961E-07 -1.297459E-06  6.865140E-09 -1.297459E-06  6.865140E-09  0.000000E+00  0.000000E+00
256  1.20419563E+01 -1.000000E+00 -1.052800E-07 -8.536497E-07  4.514526E-09 -8.536497E-07  4.514526E-09  0.000000E+00  0.000000E+00
257  1.23533806E+01 -1.000000E+00 -7.667234E-08 -5.575194E-07  2.946962E-09 -5.575194E-07  2.946962E-09  0.000000E+00  0.000000E+00
258  1.26698966E+01 -1.000000E+00 -5.895630E-08 -3.614259E-07  1.909506E-09 -3.614259E-07  1.909506E-09  0.000000E+00  0.000000E+00
259  1.29915296E+01 -1.000000E+00 -4.201851E-08 -2.325642E-07  1.228108E-09 -2.325642E-07  1.228108E-09  0.000000E+00  0.000000E+00
260  1.33183048E+01 -1.000000E+00 -3.266642E-08 -1.485307E-07  7.839815E-10 -1.485307E-07  7.839815E-10  0.000000E+00  0.000000E+00
261  1.36502466E+01 -1.000000E+00 -2.248723E-08 -9.415094E-08  4.967232E-10 -9.415094E-08  4.967232E-10  0.000000E+00  0.000000E+00
262  1.39873795E+01 -1.000000E+00 -1.808794E-08 -5.923170E-08  3.123546E-10 -5.923170E-08  3.123546E-10  0.000000E+00  0.000000E+00
263  1.43297272E+01 -1.000000E+00 -1.175776E-08 -3.698204E-08  1.949358E-10 -3.698204E-08  1.949358E-10  0.000000E+00  0.000000E+00
264  1.46773132E+01 -1.000000E+00 -1.019566E-08 -2.291506E-08  1.207346E-10 -2.291506E-08  1.207346E-10  0.000000E+00  0.000000E+00
265  1.50301609E+01 -1.000000E+00 -6.012823E-09 -1.409064E-08  7.420863E-11 -1.409064E-08  7.420863E-11  0.000000E+00  0.000000E+00
266  1.53882928E+01 -1.000000E+00 -6.030712E-09 -8.598188E-09  4.526326E-11 -8.598188E-09  4.526326E-11  0.000000E+00  0.000000E+00
267  1.57517315E+01 -1.000000E+00 -3.015267E-09 -5.206386E-09  2.739634E-11 -5.206386E-09  2.739634E-11  0.000000E+00  0.000000E+00
268  1.61204992E+01 -1.000000E+00 -3.884803E-09 -3.128284E-09  1.645437E-11 -3.128284E-09  1.645437E-11  0.000000E+00  0.000000E+00
269  1.64946175E+01 -1.000000E+00 -1.490757E-09 -1.865105E-09  9.806164E-12 -1.865105E-09  9.806164E-12  0.000000E+00  0.000000E+00
270  1.68741080E+01 -1.000000E+00 -2.807899E-09 -1.103356E-09  5.798732E-12 -1.103356E-09  5.798732E-12  0.000000E+00  0.000000E+00
271  1.72589918E+01 -1.000000E+00 -7.353724E-10 -6.476346E-10  3.402282E-12 -6.476346E-10  3.402282E-12  0.000000E+00  0.000000E+00
272  1.76492897E+01 -1.000000E+00 -2.281277E-09 -3.771680E-10  1.980608E-12 -3.771680E-10  1.980608E-12  0.000000E+00  0.000000E+00
273  1.80450221E+01 -1.000000E+00 -3.707261E-10 -2.179303E-10  1.143945E-12 -2.179303E-10  1.143945E-12  0.000000E+00  0.000000E+00
274  1.84462094E+01 -1.000000E+00 -2.086942E-09 -1.249300E-10  6.607510E-13 -1.249300E-10  6.607510E-13  0.000000E+00  0.000000E+00
275  1.88528713E+01 -1.000000E+00 -1.992537E-10 -7.105102E-11  3.603353E-13 -7.105102E-11  3.603353E-13  0.000000E+00  0.000000E+00
