Mean R-I 100: When a star has no measured mean r-i, it is assigned '100' in this file for programming ease. There is a sister file, Mean R-I 0.
0.35642
0.65556
0.75832
0.73520
0.67493
0.32100
100.00
0.28061
0.20164
0.20473
0.26883
0.19321
0.24991
0.21124
1.8730
0.19895
0.17986
0.24684
0.22411
100.00
0.31156
0.26428
0.22906
0.27673
0.13829
0.22960
0.19930
0.16785
0.19437
0.22020
0.21260
0.25807
0.22067
0.76162
0.19214
0.16920
0.20293
100.00
0.16031
0.60205
0.27519
0.19852
0.17738
0.17265
0.32451
0.20069
0.21553
0.74118
0.17963
0.28318
0.24883
0.18127
0.22371
0.17449
0.33977
0.24781
0.21378
100.00
0.35204
0.24991
0.87345
0.32219
100.00
100.00
0.19377
0.26959
100.00
0.31911
0.46400
100.00
0.70557
0.32916
0.19251
0.25007
0.23992
0.20681
0.17236
0.23112
0.23024
0.26931
100.00
3.3215
0.22788
0.38126
0.29963
0.18851
0.25226
0.24310
0.90072
0.25687
0.20884
0.75974
0.22452
0.22131
0.40563
0.74232
0.28634
0.89697
0.31986
100.00
0.23001
0.39044
0.69236
0.32347
100.00
0.26199
100.00
0.21102
0.31870
0.29692
100.00
1.2854
0.19568
0.21493
3.4866
0.77380
0.23192
0.29813
0.28208
0.36827
0.24540
0.25523
0.28878
0.23745
0.34029
0.33440
100.00
0.73248
0.27429
0.26512
100.00
100.00
0.24603
0.31839
100.00
0.26165
0.28773
0.39455
100.00
0.34187
0.35128
0.31739
0.80791
100.00
0.19589
0.30168
0.24651
100.00
0.65643
0.25290
100.00
0.41786
0.31544
0.37306
0.55561
0.43386
0.42480
0.80041
0.28516
0.25310
100.00
100.00
0.48006
0.40386
0.29365
0.43120
0.38260
0.92766
100.00
0.39177
0.23765
0.36788
0.37913
0.51298
100.00
0.80993
100.00
0.33103
100.00
0.27635
1.1427
0.34091
100.00
0.33572
0.56970
0.39257
0.17088
100.00
0.41023
0.45544
100.00
100.00
0.83045
0.41455
0.34393
0.30614
0.43600
0.30758
0.29765
0.85203
0.35085
0.77935
0.29478
100.00
0.84763
100.00
100.00
100.00
0.89586
100.00
1.4319
0.31907
0.34796
100.00
0.23801
0.31143
0.27540
2.1123
0.38408
2.0294
0.38895
0.41528
0.47646
0.27855
0.35593
0.37548
0.33396
0.46381
0.44294
0.52985
0.57907
2.0163
2.7170
100.00
0.37080
0.36286
0.53778
0.35869
0.42779
0.89010
0.56590
0.41037
0.41446
0.35006
3.2440
2.4259
0.72779
2.0959
1.5561
0.37469
0.36486
100.00
0.46949
100.00
3.3639
100.00
0.60153
1.8619
0.42039
0.37420
0.85529
0.32393
0.41602
100.00
0.57040
1.4188
0.35286
0.97704
1.6025
0.46009
100.00
100.00
0.96315
100.00
100.00
0.50721
0.44486
100.00
0.36767
0.69174
2.9652
0.34381
0.48273
1.1479
2.5309
0.45608
0.42440
0.48260
0.44932
0.38413
0.50025
0.54785
100.00
4.2818
100.00
0.53145
0.67040
0.52988
100.00
0.34877
0.51439
100.00
0.43931
2.1563
100.00
0.70074
0.54906
0.47222
100.00
2.4317
0.56281
1.9857
0.42127
100.00
0.48799
1.7748
2.9159
0.47430
1.7361
0.50921
1.4009
0.55056
0.62487
0.47147
0.74225
2.0342
2.2152
100.00
0.38353
0.46600
0.33543
2.9239
0.61885
1.8805
100.00
100.00
100.00
1.5348
0.48097
0.61273
100.00
0.55280
100.00
0.61571
0.48218
100.00
0.48433
0.47807
0.52057
100.00
0.50185
0.51439
0.53698
100.00
0.47353
4.7801
0.83791
0.74703
0.62437
1.8871
0.66738
0.86267
0.93549
0.54020
0.51792
3.6174
100.00
1.5768
0.50618
100.00
0.75243
0.55104
0.41218
100.00
0.44064
0.53391
2.6808
0.44599
0.37811
100.00
100.00
0.41394
0.49846
0.45748
0.67792
2.8550
0.49410
0.49145
100.00
0.49904
0.83310
1.5450
0.52922
100.00
0.49602
0.52787
0.89946
0.75457
0.61150
0.52935
100.00
1.6218
0.53205
100.00
100.00
100.00
0.41511
100.00
0.47943
1.5682
100.00
100.00
2.0099
3.4986
100.00
0.42312
0.40070
0.68231
100.00
2.0762
0.58145
100.00
0.81221
100.00
0.51263
100.00
100.00
2.0620
1.8695
0.56496
100.00
100.00
100.00
100.00
100.00
0.58684
0.49987
0.60712
0.50142
0.64172
100.00
2.0799
1.1805
0.21151
100.00
100.00
100.00
100.00
0.85144
0.44961
2.7594
2.3391
1.8018
0.78843
0.51679
0.43087
0.68375
100.00
100.00
100.00
0.60968
1.7591
0.78516
2.5372
3.2320
0.66104
1.0553
0.51467
100.00
0.75784
100.00
0.72824
100.00
0.72160
0.46395
100.00
0.60613
0.50544
0.64147
0.68648
2.2680
0.53329
100.00
0.67849
0.49692
0.42354
100.00
1.3309
0.37265
0.60109
0.55676
100.00
100.00
100.00
0.62388
0.59063
2.1070
0.57981
3.4516
0.48429
0.71891
100.00
1.8439
1.1570
0.53481
100.00
100.00
0.50977
0.75317
1.3521
0.49219
2.9716
100.00
0.58336
100.00
100.00
2.3925
100.00
0.63452
0.65434
100.00
2.2844
100.00
1.4092
100.00
0.50718
2.1578
0.49953
0.61999
100.00
100.00
1.3762
3.8102
100.00
2.3694
100.00
100.00
1.3822
2.2093
0.73831
0.55845
0.62383
1.8227
3.1010
0.56805
100.00
0.56980
0.74289
100.00
0.82714
100.00
2.0897
100.00
100.00
1.7040
100.00
0.81292
0.47531
0.64775
100.00
100.00
0.57065
1.3067
100.00
0.76718
100.00
1.7330
100.00
0.52161
2.2432
100.00
100.00
0.76373
0.51549
0.54154
2.1093
100.00
1.8868
0.40534
0.54519
0.52512
0.52949
0.63297
1.3072
1.1272
2.2021
100.00
100.00
1.5501
100.00
2.9779
2.9354
1.2179
100.00
100.00
0.65528
3.5247
2.4285
0.50683
2.5243
100.00
0.61564
0.75849
0.46879
100.00
1.7477
2.7268
1.9793
0.48813
100.00
0.56878
1.6377
100.00
100.00
2.4376
1.4934
100.00
100.00
0.51121
0.60879
1.9529
100.00
100.00
0.46413
100.00
1.6369
0.46200
0.60257
0.33421
0.74387
100.00
0.41622
100.00
2.1249
2.7761
1.6465
1.8251
0.89205
0.85029
2.2492
0.54860
100.00
2.2996
0.80344
0.44688
3.0298
100.00
0.59592
0.50435
1.3106
0.86193
0.66252
0.58616
2.1585
100.00
0.89112
0.57636
100.00
100.00
100.00
1.6558
100.00
100.00
2.2060
0.52702
100.00
0.80024
2.4461
100.00
2.5243
100.00
0.56471
1.5443
100.00
1.6577
0.43239
2.0387
0.63393
100.00
1.3668
0.63024
0.66998
1.1616
1.2814
3.1398
1.1552
0.67175
100.00
100.00
1.7841
0.93180
0.59631
2.4093
1.5806
100.00
1.3999
2.3747
0.55075
1.6455
100.00
1.5871
1.4597
2.8682
100.00
0.51629
1.2922
0.66232
1.6083
0.48770
0.53050
100.00
0.77614
100.00
0.73231
100.00
100.00
0.95185
0.53866
0.78030
0.42524
0.64549
2.5597
0.87477
2.3261
100.00
1.6747
2.4238
0.49436
100.00
100.00
100.00
0.92014
0.83173
1.3452
100.00
3.1115
0.63163
100.00
100.00
100.00
2.3182
1.7367
100.00
1.3437
100.00
1.4192
0.57453
1.4826
2.1510
100.00
1.0079
100.00
1.3049
2.5891
1.3060
1.2067
100.00
100.00
100.00
100.00
100.00
0.43845
1.7321
0.54147
100.00
0.54523
0.53668
2.5145
1.5202
1.5594
100.00
0.52948
0.59318
2.1605
0.44220
1.5622
2.2367
100.00
2.1043
100.00
0.41289
0.67686
100.00
100.00
100.00
0.61027
100.00
4.6914
0.62791
2.6964
2.1768
0.48407
2.1653
0.86091
0.67834
100.00
0.52137
0.42654
100.00
0.90309
1.4707
1.7199
0.52968
1.2424
0.65124
1.6241
0.62442
100.00
100.00
100.00
0.73775
2.0492
0.49102
100.00
100.00
1.3018
100.00
0.95998
0.93493
100.00
100.00
100.00
100.00
0.81283
1.9193
2.3331
0.98847
1.6539
2.1462
0.48971
0.77494
0.41615
0.43132
100.00
0.80076
0.66275
1.1077
0.39069
0.19948
1.2700
1.9363
0.69898
100.00
100.00
2.4002
0.50762
0.91439
1.1477
100.00
2.9310
1.4457
3.1970
100.00
100.00
0.55367
100.00
100.00
1.4233
100.00
100.00
100.00
100.00
2.5278
100.00
100.00
100.00
100.00
1.3389
2.0088
1.4193
0.73963
1.9663
1.6657
100.00
100.00
1.8858
3.2766
2.3403
2.5382
0.84189
0.60433
0.61672
100.00
0.84618
1.3193
3.0591
100.00
1.9169
1.1840
0.56296
1.7790
3.0110
100.00
0.67306
100.00
1.6776
2.8722
2.2455
100.00
0.63328
2.1916
0.59169
100.00
2.7210
2.5944
100.00
1.5315
2.6164
1.4531
1.5361
100.00
3.5836
100.00
100.00
1.7165
100.00
100.00
100.00
100.00
100.00
100.00
1.0949
1.2288
1.7752
100.00
100.00
0.64419
0.70844
2.5994
2.1630
100.00
100.00
0.48060
0.48633
100.00
100.00
0.71497
1.4292
0.82296
1.7987
100.00
2.3836
0.91739
0.59122
0.34671
100.00
1.8708
1.3834
100.00
1.7714
0.52214
100.00
1.0342
1.7419
0.70716
1.8458
100.00
2.6929
100.00
1.9073
2.1594
2.7672
1.3046
1.2569
0.74407
0.88536
2.1900
2.2204
0.74935
0.59256
2.9517
2.5228
1.3996
1.4836
1.3863
1.1070
100.00
3.3097
1.6251
0.65401
3.0304
100.00
1.2529
100.00
1.1679
1.8081
100.00
100.00
100.00
0.61707
100.00
100.00
100.00
0.60454
1.2024
100.00
1.6260
2.7633
1.4659
2.6033
100.00
100.00
100.00
2.1105
1.3460
100.00
6.0158
100.00
1.9026
0.61700
100.00
2.0702
100.00
1.6684
100.00
1.0870
100.00
100.00
100.00
2.3819
100.00
100.00
100.00
100.00
100.00
100.00
100.00
0.65809
1.4715
100.00
0.48493
2.4246
2.2962
0.68585
0.78005
1.6560
1.3774
100.00
0.61523
100.00
100.00
0.40940
0.66560
2.7775
2.3378
100.00
2.0215
0.49875
100.00
2.0475
1.4485
1.0627
0.56567
3.4632
0.54463
100.00
100.00
0.56540
1.3716
1.8009
100.00
1.4515
2.6504
100.00
2.8504
100.00
100.00
0.51577
0.98978
100.00
1.5481
100.00
0.42919
100.00
0.55438
1.0227
100.00
100.00
100.00
2.1565
2.4103
1.4567
100.00
0.73665
2.6020
2.7371
100.00
100.00
100.00
0.34593
1.4016
1.4189
100.00
2.5838
2.8646
100.00
2.8018
2.1244
100.00
0.61856
100.00
100.00
2.7874
1.3187
100.00
0.78428
100.00
1.1524
100.00
100.00
0.78400
0.52768
2.8516
100.00
1.3327
0.99459
1.7209
1.4296
0.71933
1.4083
2.2970
1.2025
1.0947
100.00
2.2806
1.6988
0.85197
1.0636
1.3531
1.6335
3.5074
2.8790
0.46356
1.9151
100.00
100.00
2.6909
2.1763
100.00
2.0223
1.7047
2.4792
2.3806
2.4499
1.1781
3.6727
1.6877
0.50043
0.71891
1.5067
100.00
0.36442
100.00
3.5857
1.6677
1.2899
1.1506
100.00
1.0853
100.00
1.6846
1.9867
0.84381
100.00
1.6495
100.00
1.3460
1.1703
1.3908
100.00
0.75600
0.61858
0.87434
100.00
0.76386
1.5277
100.00
100.00
1.9626
1.4371
100.00
0.79186
100.00
100.00
1.5936
100.00
100.00
100.00
100.00
0.94485
2.8737
0.14377
1.6431
2.3441
2.6112
100.00
4.3197
100.00
100.00
0.92039
0.73940
1.9588
100.00
100.00
3.8835
1.7568
100.00
100.00
1.5025
1.7930
100.00
100.00
1.5792
0.87773
100.00
100.00
0.77552
1.7274
3.3013
2.4271
100.00
1.6035
100.00
0.86222
100.00
1.8153
2.2119
100.00
100.00
100.00
1.3152
100.00
100.00
0.97324
1.3179
1.1659
2.1588
1.7257
0.93547
3.1849
1.5566
0.88501
0.86602
1.5439
100.00
100.00
100.00
100.00
100.00
1.4992
2.4682
0.51807
0.99586
1.1043
0.65390
0.80278
1.5436
0.86433
1.3858
100.00
1.8320
0.64523
0.62827
1.8803
100.00
100.00
0.59199
0.91089
2.2844
1.6751
100.00
0.89185
100.00
2.7853
1.7340
2.6486
2.2109
2.7240
100.00
2.6973
100.00
1.7404
100.00
3.1475
100.00
100.00
100.00
100.00
2.3238
0.56009
2.2054
2.5050
0.76559
0.46991
2.9154
1.5410
1.8855
1.7305
1.8716
2.8875
3.7310
2.2507
100.00
100.00
0.87944
0.97448
100.00
100.00
2.2518
1.6316
0.45552
0.68993
100.00
2.2409
1.5711
1.7115
0.92678
0.51428
1.4639
3.3218
100.00
0.75211
1.4025
1.3519
100.00
1.5930
3.1206
3.1807
100.00
100.00
0.66611
100.00
1.0386
1.3275
100.00
0.59272
1.2199
100.00
100.00
1.0283
100.00
0.43337
100.00
1.0436
1.4872
0.48162
1.4104
2.9986
100.00
1.9208
1.4702
0.65755
100.00
1.9562
2.5777
100.00
1.3205
0.99602
1.8634
100.00
100.00
100.00
100.00
0.61628
100.00
100.00
100.00
100.00
2.1851
0.38929
1.4032
1.5115
100.00
4.4080
2.3517
1.5496
100.00
0.58661
100.00
100.00
1.3353
1.6741
0.67981
0.40945
100.00
2.0643
1.6910
2.1550
0.49089
100.00
100.00
0.62872
0.88865
100.00
0.44973
0.92325
100.00
0.18885
4.3584
2.1982
0.70954
0.52464
2.1377
1.8297
100.00
1.6242
0.98041
0.96040
1.4834
100.00
2.0739
100.00
1.0384
1.2406
2.2856
100.00
100.00
0.87706
2.4497
0.77696
100.00
2.1553
100.00
2.3516
1.8824
2.4192
1.8562
0.76363
2.0155
100.00
100.00
2.9469
100.00
1.1497
0.57568
100.00
0.92252
2.2654
1.7587
0.69889
0.75789
100.00
2.0306
100.00
100.00
1.8755
0.83073
100.00
1.9314
1.6895
0.70104
1.7146
1.3056
100.00
100.00
0.87677
2.0723
1.4716
1.0087
0.50206
0.85120
2.6783
100.00
0.84409
0.52051
100.00
1.7931
2.5463
-0.25678
1.8710
100.00
0.96397
2.7686
100.00
2.9388
1.6344
100.00
2.0067
0.72714
1.4545
100.00
1.4438
1.9177
1.6626
100.00
2.3236
1.6983
100.00
100.00
0.66692
2.7626
100.00
100.00
0.87600
3.3141
100.00
100.00
1.8917
2.8544
0.73863
1.3648
100.00
1.4442
1.2567
2.8414
2.8071
0.35906
1.4294
100.00
1.1519
0.58437
100.00
2.1607
1.7211
100.00
1.5962
100.00
0.84671
100.00
100.00
100.00
2.9152
100.00
1.7173
100.00
0.24156
0.86237
1.8090
2.7458
0.69588
0.48431
2.1084
100.00
0.69962
2.0232
1.3915
1.4331
0.92161
1.1751
0.42537
0.87683
1.0589
1.8269
100.00
100.00
100.00
1.4855
100.00
1.3944
100.00
100.00
100.00
100.00
1.8490
0.67828
4.0785
1.5650
100.00
1.7135
1.7162
100.00
100.00
100.00
3.1491
0.57839
100.00
100.00
100.00
100.00
100.00
100.00
100.00
2.3253
100.00
0.58412
3.1406
100.00
100.00
100.00
100.00
0.68607
0.51147
5.4636
100.00
100.00
0.86665
1.5544
2.5129
1.5820
100.00
0.85720
2.1809
1.5002
1.9124
4.4618
1.2563
2.0957
100.00
0.82735
0.99003
1.6543
0.45204
1.4055
1.6044
0.95475
100.00
1.9946
100.00
100.00
0.65757
0.87544
2.1710
1.6783
100.00
2.7616
0.22827
0.34950
2.2081
1.8532
2.2330
100.00
3.2521
100.00
100.00
1.2315
2.0930
3.5402
0.80799
2.7139
1.5296
0.45656
100.00
100.00
100.00
2.4454
100.00
100.00
1.3604
1.0754
100.00
0.80058
100.00
0.91551
100.00
100.00
1.0192
1.2477
100.00
0.39129
0.97254
100.00
100.00
1.7976
100.00
0.35921
1.9661
100.00
1.8094
3.5530
0.83606
1.9929
1.2178
100.00
100.00
4.6303
2.6249
100.00
100.00
1.5737
0.50952
0.49441
0.49975
100.00
100.00
0.52955
0.44702
100.00
100.00
1.1988
100.00
3.7602
0.59302
1.1179
0.61849
100.00
2.0044
2.3432
100.00
100.00
100.00
100.00
100.00
1.8582
100.00
1.8644
1.4200
0.49525
100.00
0.66298
2.8525
1.6711
100.00
100.00
0.93928
0.34124
100.00
1.9404
100.00
100.00
100.00
0.84372
2.2381
100.00
100.00
0.44093
100.00
100.00
0.35283
1.7482
2.4049
2.3055
1.2598
1.8213
100.00
2.0136
100.00
100.00
0.65629
6.8387
100.00
2.2362
0.17550
1.7038
100.00
2.4926
100.00
100.00
1.5496
100.00
100.00
0.55559
2.6643
0.51288
0.79956
1.4262
100.00
100.00
2.0005
1.8212
1.8654
1.4610
100.00
100.00
1.2415
100.00
0.49394
1.6261
2.3079
0.91692
100.00
100.00
1.8060
0.97865
1.8445
1.8311
0.63260
2.0319
100.00
0.55884
2.3241
0.38177
0.91508
100.00
0.80152
0.33471
2.5117
1.8974
0.78869
0.67829
1.4420
100.00
100.00
2.5292
1.4566
1.1290
100.00
100.00
100.00
1.6144
100.00
1.2229
100.00
0.51687
2.0067
100.00
100.00
100.00
1.4423
100.00
1.1231
100.00
1.8689
0.61857
100.00
100.00
2.7712
2.3314
100.00
1.4306
2.8629
100.00
1.6254
0.71211
1.8902
1.9038
100.00
1.5461
2.2567
0.71374
1.7507
2.0128
100.00
100.00
1.5202
100.00
0.84427
2.0116
100.00
100.00
2.6317
0.42956
1.1906
1.2763
2.9437
4.0025
100.00
100.00
0.34075
100.00
0.43432
2.9836
0.69763
100.00
0.52757
1.1878
1.4295
100.00
0.64862
0.63780
1.8509
100.00
100.00
0.94432
100.00
1.2437
3.6089
1.1217
100.00
100.00
100.00
100.00
1.9810
2.8718
2.0460
1.5718
1.8995
100.00
2.7601
100.00
1.0208
3.8631
2.4422
1.6245
0.0076284
100.00
1.6981
1.5722
0.95515
2.0207
1.6452
0.64482
100.00
0.61188
100.00
100.00
1.5667
1.9948
1.7202
100.00
2.3927
3.3039
0.66430
2.6910
0.74862
0.38947
1.8489
2.2096
100.00
100.00
1.2789
2.0153
1.4849
2.0291
0.45746
100.00
0.33468
0.52238
2.4052
100.00
4.3183
1.8323
100.00
100.00
100.00
5.0313
100.00
1.8201
100.00
0.20231
1.0062
1.5410
1.4073
100.00
0.69961
2.3237
0.86815
2.0922
100.00
1.3562
1.7091
100.00
1.1500
1.7098
0.33993
2.5547
1.8944
100.00
0.70552
1.1028
100.00
2.8136
1.6188
0.87335
2.6125
1.5808
0.53233
100.00
1.7559
100.00
100.00
100.00
-0.0011854
1.4500
2.0828
0.32533
0.97385
2.5896
2.3356
1.4871
0.90527
0.53494
100.00
3.0736
1.7667
0.67264
100.00
100.00
0.70979
2.1785
100.00
2.4513
3.7655
2.4597
100.00
1.5347
1.1739
100.00
0.77005
100.00
0.72700
100.00
100.00
100.00
100.00
100.00
100.00
0.33348
0.78069
1.1857
2.2375
100.00
100.00
1.9427
3.7531
100.00
0.66872
2.6940
100.00
100.00
100.00
1.7614
1.9411
2.1671
1.8250
1.0176
100.00
0.58669
1.4088
1.5927
1.9605
2.4578
100.00
2.5500
1.8302
100.00
1.2446
100.00
100.00
100.00
100.00
2.6040
1.9318
100.00
2.0261
0.13954
1.5418
0.52998
100.00
1.0798
1.8870
0.34194
100.00
1.7795
1.6698
100.00
100.00
100.00
100.00
100.00
0.65441
1.9154
0.82119
0.47102
4.9499
2.0482
2.1342
100.00
1.6175
1.1273
1.5679
1.6769
2.5045
1.7294
100.00
1.7056
2.1471
1.6867
1.6942
100.00
100.00
100.00
2.7680
100.00
100.00
100.00
0.78876
100.00
0.89168
1.6641
100.00
3.8063
100.00
0.80502
100.00
1.0048
0.81185
0.69140
2.7077
100.00
100.00
1.3134
100.00
100.00
-1.0106
2.1266
2.0727
0.37012
1.2554
0.72948
0.78043
1.6189
100.00
100.00
1.6684
100.00
100.00
2.8208
0.66694
1.2842
1.6100
100.00
0.24786
1.4512
0.71045
100.00
100.00
2.4898
100.00
2.4208
100.00
1.6859
100.00
1.6626
1.3337
1.5367
1.8836
0.87102
100.00
5.9197
1.3447
100.00
100.00
100.00
100.00
1.5951
1.2978
2.9734
2.3342
100.00
1.5309
1.3194
100.00
1.4873
100.00
2.1127
0.85761
0.81824
2.4444
0.46956
3.6644
1.1342
0.31796
100.00
2.6833
100.00
1.8321
1.7379
1.5800
1.4815
2.1958
2.1841
4.1321
2.1456
100.00
0.86514
0.81658
0.63178
100.00
2.2745
100.00
100.00
2.2836
100.00
4.3448
1.0213
100.00
2.2776
2.0222
1.9108
0.95336
1.3892
0.17258
100.00
1.7745
1.0801
100.00
100.00
1.5710
2.9079
100.00
100.00
100.00
100.00
0.62755
1.7272
0.83220
2.7326
1.3647
0.77213
2.2915
3.3167
1.1786
100.00
3.3749
100.00
1.0463
1.8701
2.3250
100.00
0.83874
100.00
2.1214
2.1209
100.00
0.96915
3.2813
0.80411
2.5118
100.00
0.29836
1.0731
0.78226
2.7508
100.00
100.00
6.3553
4.7586
100.00
1.9848
100.00
1.6995
0.69360
100.00
100.00
100.00
0.20009
1.7311
1.1925
100.00
1.4961
1.5048
2.1035
100.00
4.2404
0.15234
100.00
0.65478
0.97591
100.00
100.00
1.1751
0.21171
0.81834
100.00
2.0754
2.0404
0.27204
1.4197
1.1807
1.0484
2.0706
6.5266
2.3338
1.5313
2.9409
100.00
100.00
2.0754
1.5197
100.00
0.33208
0.49176
1.1432
2.8972
0.38883
100.00
100.00
100.00
6.1851
0.71100
1.0081
0.88936
1.9378
100.00
100.00
1.4289
1.7844
100.00
0.49312
0.62961
100.00
100.00
100.00
1.2114
1.5452
2.8725
2.2735
100.00
1.6698
100.00
1.5994
100.00
0.39376
1.8601
100.00
3.3063
1.8949
1.7534
100.00
-0.19983
1.0242
100.00
0.72503
2.1567
100.00
3.6478
1.0305
2.5059
1.1305
2.7882
0.58047
100.00
0.69775
100.00
100.00
0.80226
100.00
100.00
0.86212
100.00
0.28811
0.57977
0.038892
100.00
1.6200
0.85340
1.3346
1.3634
100.00
1.5707
1.7401
100.00
1.4411
0.95691
100.00
-1.2775
2.9121
1.3528
1.7112
2.1016
6.5371
1.2140
100.00
1.6401
2.2581
-0.47039
1.8256
100.00
100.00
-0.031870
100.00
100.00
-0.93940
5.0097
0.43804
1.7577
2.2518
100.00
2.7566
1.7630
1.2165
0.11510
2.1300
1.8474
100.00
1.5107
0.34478
2.9976
-0.064531
2.9606
2.9008
0.68707
0.36758
1.6849
1.3793
100.00
-0.80995
1.9208
2.5078
0.36675
1.1805
100.00
1.4202
0.65770
100.00
1.1982
100.00
2.8257
0.92627
1.9491
100.00
2.1956
4.5620
1.3715
2.0655
2.5438
0.89837
100.00
2.2766
0.54383
100.00
1.2811
100.00
1.9396
100.00
1.3263
100.00
100.00
2.3825
100.00
100.00
100.00
2.2683
0.52078
100.00
2.0095
1.6208
1.5206
1.4500
100.00
100.00
1.6746
100.00
100.00
100.00
100.00
100.00
100.00
100.00
100.00
100.00
100.00
100.00
1.4518
100.00
2.3847
100.00
100.00
0.76987
2.3753
0.68575
0.60516
0.44976
0.39949
100.00
100.00
1.9214
100.00
100.00
2.6927
100.00
100.00
0.80271
0.94680
100.00
100.00
100.00
100.00
100.00
1.1470
0.64973
100.00
100.00
100.00
2.9918
2.0340
0.72696
100.00
100.00
2.6190
2.0730
100.00
1.8649
3.9401
100.00
100.00
1.0324
2.6281
1.0948
1.1325
1.9935
100.00
1.0809
100.00
100.00
1.7962
100.00
100.00
100.00
100.00
100.00
1.3140
100.00
100.00
0.59467
100.00
100.00
100.00
100.00
100.00
100.00
2.5004
100.00
0.86504
1.3769
100.00
100.00
100.00
12.999
12.999

